0                         1.8304176727341894E-58
0.09999999999999999       -5.989918545730077E-46
0.19999999999999998       3.560715697495275E-48
0.30000000000000004       3.2297411522582707E-44
0.39999999999999997       -1.5673568439113088E-43
0.5                       7.314541036639975E-44
0.6000000000000001        1.2767605701629093E-42
0.7000000000000001        -1.96745911810403E-42
0.7999999999999999        -7.150871400792389E-42
0.8999999999999999        1.350605053812156E-41
1                         3.864258055054325E-41
1.1                       -5.808474584847989E-41
1.2000000000000002        -2.0468310243398673E-40
1.3                       1.3714306797825132E-40
1.4000000000000001        9.526699444552714E-40
1.5                       2.3668560349081057E-40
1.5999999999999999        -3.434334123496486E-39
1.7                       -4.338173997009417E-39
1.7999999999999998        7.574621246035775E-39
1.9                       2.378493599149735E-38
2                         3.2943232443148364E-39
2.0999999999999996        -7.409893248790775E-38
2.2                       -1.0817368002614094E-37
2.3                       8.580091923211366E-38
2.4000000000000004        4.5359517469952196E-37
2.5                       3.929475833107999E-37
2.6                       -7.684098462060318E-37
2.7                       -2.301260639104001E-36
2.8000000000000003        -1.3156257106205715E-36
2.9000000000000004        4.459554526519357E-36
3                         1.0715429946460931E-35
3.1                       4.923215015451137E-36
3.1999999999999997        -2.1057783814814874E-35
3.3000000000000003        -4.777680303655966E-35
3.4                       -2.3687900032685606E-35
3.5                       8.507491206978445E-35
3.5999999999999996        2.052619714820586E-34
3.7                       1.3332349064011532E-34
3.8                       -2.8918517045574226E-34
3.9                       -8.352789626630836E-34
4                         -7.4329898711727945E-34
4.1000000000000005        7.414624327607246E-34
4.199999999999999         3.1184352811641275E-33
4.3                       3.765543530913417E-33
4.4                       -7.036824340455797E-34
4.5                       -1.01769731567479E-32
4.6                       -1.6746302312412923E-32
4.7                       -6.722339200713281E-33
4.800000000000001         2.6414745471335244E-32
4.9                       6.378539538856279E-32
5                         5.719346839302952E-32
5.1000000000000005        -3.8489465941994603E-32
5.2                       -1.9952005302308883E-31
5.3                       -2.8504926104695894E-31
5.4                       -9.011539282415838E-32
5.5                       4.57762130806481E-31
5.6000000000000005        1.0551402760658383E-30
5.699999999999999         9.91201001907351E-31
5.800000000000001         -4.058460238274496E-31
5.9                       -2.8911816695505448E-30
6                         -4.6136701475744786E-30
6.1                       -2.638554988395183E-30
6.2                       4.694960983227866E-30
6.300000000000001         1.4482264378155277E-29
6.3999999999999995        1.7899626971371866E-29
6.5                       4.266858326567782E-30
6.6000000000000005        -2.871668589952669E-29
6.7                       -6.394998842610214E-29
6.8                       -6.451876976482903E-29
6.9                       5.4624534913587746E-30
7                         1.4098035400140414E-28
7.1000000000000005        2.6175860486446354E-28
7.199999999999999         2.247850167087843E-28
7.300000000000001         -8.579389710780688E-29
7.4                       -6.129157888030705E-28
7.499999999999999         -1.0227757109403533E-27
7.6                       -7.858500510128173E-28
7.699999999999999         4.720683328857802E-28
7.8                       2.455557774909504E-27
7.9                       3.8817441340522185E-27
8                         2.8402588350660663E-27
8.099999999999998         -1.924112484760119E-27
8.200000000000001         -9.229405339045896E-27
8.3                       -1.4428122126224684E-26
8.399999999999999         -1.0737554592362495E-26
8.5                       6.306126155688347E-27
8.6                       3.2734485935095226E-26
8.700000000000001         5.255582229063807E-26
8.8                       4.202161555125472E-26
8.9                       -1.5594690446375754E-26
9                         -1.0922305183608333E-25
9.1                       -1.8664246576271923E-25
9.2                       -1.66200578672012E-25
9.3                       1.6429531871127302E-26
9.4                       3.387107710502992E-25
9.499999999999998         6.4017000878043875E-25
9.600000000000001         6.4752603214841E-25
9.700000000000001         1.144869195296523E-25
9.8                       -9.51188655309869E-25
9.9                       -2.093774926209144E-24
10                        -2.433396099653266E-24
10.100000000000001        -1.0541252030167223E-24
10.200000000000001        2.281646310386433E-24
10.299999999999999        6.420693298472583E-24
10.4                      8.677885709308955E-24
10.5                      5.803194154182304E-24
10.6                      -3.884734309973116E-24
10.700000000000001        -1.8007814754100866E-23
10.8                      -2.895186990893302E-23
10.9                      -2.5864419429307334E-23
11                        -5.88001448257176E-25
11.1                      4.415989136971179E-23
11.200000000000001        8.893736828453238E-23
11.3                      1.001003134046189E-22
11.399999999999999        4.4712906928579685E-23
11.5                      -8.452480562971536E-23
11.600000000000001        -2.4571005432039386E-22
11.7                      -3.437139204412044E-22
11.8                      -2.620736511868176E-22
11.9                      6.767433769230597E-23
12                        5.835471326314054E-22
12.100000000000001        1.0475336046553893E-21
12.2                      1.0939991564354962E-21
12.3                      4.0076074522153122E-22
12.4                      -1.0555722195988278E-21
12.499999999999998        -2.782250742817421E-21
12.600000000000001        -3.7665662387111094E-21
12.700000000000001        -2.827672409753534E-21
12.799999999999999        6.858586293694063E-22
12.9                      6.104349532530211E-21
13                        1.1026649786796843E-20
13.100000000000001        1.1810809045073295E-20
13.200000000000001        5.209607858568524E-21
13.299999999999999        -9.214517584603745E-21
13.4                      -2.7003866649335465E-20
13.5                      -3.8627432813754046E-20
13.6                      -3.2511756879645375E-20
13.700000000000001        -1.290041987680387E-21
13.8                      5.079874329713643E-20
13.899999999999999        1.0342199851751021E-19
14                        1.2322002086388358E-19
14.1                      7.704011394389469E-20
14.200000000000001        -4.6933009435182274E-20
14.3                      -2.1874445676061876E-19
14.399999999999999        -3.601581990108566E-19
14.5                      -3.643677015266458E-19
14.600000000000001        -1.4513882202411468E-19
14.7                      2.977045368077811E-19
14.8                      8.27136580989379E-19
14.9                      1.1716865318685145E-18
14.999999999999998        1.011519065069189E-18
15.100000000000001        1.436188832515204E-19
15.2                      -1.3281232921798403E-18
15.299999999999999        -2.8775786123665203E-18
15.399999999999999        -3.626815560817729E-18
15.5                      -2.6651605442429614E-18
15.6                      4.320058099361655E-19
15.7                      5.077908369678196E-18
15.8                      9.445875637441247E-18
15.9                      1.0834734007212086E-17
16                        6.743525259526282E-18
16.1                      -3.574953219690621E-18
16.199999999999996        -1.7711598421104042E-17
16.3                      -2.973244077102735E-17
16.400000000000002        -3.16133410218176E-17
16.499999999999996        -1.663819124843835E-17
16.6                      1.609980706245664E-17
16.7                      5.802921815363054E-17
16.799999999999997        9.075711256786399E-17
16.900000000000002        9.100814922454437E-17
17                        4.090405387910914E-17
17.1                      -5.927310754375796E-17
17.2                      -1.8154269438271451E-16
17.3                      -2.7082085855546446E-16
17.400000000000002        -2.606116009396083E-16
17.5                      -1.031218866809389E-16
17.6                      1.9501488499832778E-16
17.7                      5.477625397927351E-16
17.8                      7.943993969933936E-16
17.900000000000002        7.4665253250953945E-16
18                        2.748377679358406E-16
18.099999999999998        -5.928421702665521E-16
18.2                      -1.6037080760891956E-15
18.3                      -2.2984514313608153E-15
18.4                      -2.14676544576555E-15
18.5                      -7.891273830481292E-16
18.6                      1.6881286507774738E-15
18.699999999999996        4.570946620652158E-15
18.8                      6.569922415723775E-15
18.900000000000002        6.196745423398296E-15
18.999999999999996        2.431897431820589E-15
19.1                      -4.515073161669714E-15
19.200000000000003        -1.2696556073197194E-14
19.299999999999997        -1.855335411932524E-14
19.400000000000002        -1.792513631552218E-14
19.5                      -7.865709376568622E-15
19.6                      1.1262145698310543E-14
19.700000000000003        3.4333664844567555E-14
19.8                      5.169520756319082E-14
19.900000000000002        5.178538691892512E-14
20                        2.5988525414211962E-14
20.1                      -2.5624395697234042E-14
20.200000000000003        -9.009762947372416E-14
20.299999999999997        -1.4175979603318997E-13
20.400000000000002        -1.4876695918653754E-13
20.5                      -8.583241640798396E-14
20.599999999999998        5.017732845867054E-14
20.700000000000003        2.280728867694726E-13
20.8                      3.811715490125084E-13
20.9                      4.2287968902765833E-13
21                        2.793178273640392E-13
21.1                      -6.88534303422149E-14
21.2                      -5.513340017411661E-13
21.3                      -9.998548869219211E-13
21.400000000000002        -1.1830215354265167E-12
21.499999999999996        -8.875667835334182E-13
21.6                      -2.855558948742111E-14
21.700000000000003        1.2506556470253634E-12
21.8                      2.5408183006303612E-12
21.900000000000002        3.237694806033942E-12
22                        2.737187221352489E-12
22.1                      7.190365614685108E-13
22.2                      -2.5740015507888854E-12
22.3                      -6.193882808318233E-12
22.400000000000002        -8.609146776125653E-12
22.499999999999996        -8.151692394200401E-12
22.6                      -3.7255998641249225E-12
22.700000000000003        4.433140816204098E-12
22.799999999999997        1.4272429672265392E-11
22.900000000000002        2.205714763010549E-11
23                        2.332713623609549E-11
23.099999999999998        1.4601832303942693E-11
23.200000000000003        -4.618342402962141E-12
23.3                      -3.032913734850504E-11
23.4                      -5.386667087324501E-11
23.5                      -6.376921487584742E-11
23.6                      -4.967937926116457E-11
23.7                      -7.411528940967166E-12
23.8                      5.657075792804147E-11
23.900000000000002        1.2348782323573117E-10
24                        1.6528613104498818E-10
24.1                      1.530024127619136E-10
24.200000000000003        6.898974101523451E-11
24.3                      -8.072538483122114E-11
24.4                      -2.5924767838747097E-10
24.5                      -4.0196987242157284E-10
24.6                      -4.328966102581306E-10
24.7                      -2.924330966480336E-10
24.8                      3.062437836248543E-11
24.900000000000002        4.747992416860403E-10
24.999999999999996        9.026493042953094E-10
25.1                      1.1281166471419787E-9
25.200000000000003        9.750187008897622E-10
25.299999999999997        3.5436694421498443E-10
25.400000000000002        -6.643551671128817E-10
25.5                      -1.8197976432422604E-9
25.599999999999998        -2.6915062766570644E-9
25.700000000000003        -2.8105721956918263E-9
25.8                      -1.832397658350394E-9
25.9                      2.754197713858773E-10
26                        3.1006748473839513E-9
26.1                      5.783827560637557E-9
26.200000000000003        7.1941706791440615E-9
26.299999999999997        6.280270463015563E-9
26.400000000000002        2.518697687670831E-9
26.5                      -3.681559218956542E-9
26.599999999999998        -1.0795339013637347E-8
26.700000000000003        -1.637049056729189E-8
26.8                      -1.7649739435011262E-8
26.9                      -1.2536549945948883E-8
27                        -6.507354126136767E-10
27.1                      1.590447024441107E-8
27.2                      3.2462331507938645E-8
27.3                      4.2671135150584265E-8
27.400000000000002        4.032821474485245E-8
27.499999999999996        2.1799421986570373E-8
27.6                      -1.169578327187023E-8
27.700000000000003        -5.284709698190411E-8
27.799999999999997        -8.888971876392378E-8
27.900000000000002        -1.0451121392655925E-7
28                        -8.670551552469642E-8
28.099999999999998        -3.041399414381775E-8
28.2                      5.6884519654778926E-8
28.3                      1.5368830641681275E-7
28.400000000000002        2.2766942622701656E-7
28.499999999999996        2.439171739867869E-7
28.6                      1.7685581521409236E-7
28.700000000000003        2.2674530832947695E-8
28.799999999999997        -1.9209570586861086E-7
28.900000000000002        -4.102173414577987E-7
29                        -5.543614182549114E-7
29.099999999999998        -5.483788449206602E-7
29.200000000000003        -3.4496462788825353E-7
29.3                      4.81770322570849E-8
29.4                      5.534801074546356E-7
29.5                      1.0287963138538506E-6
29.6                      1.2971900980313257E-6
29.7                      1.1982930786792727E-6
29.8                      6.4975149992031E-7
29.900000000000002        -2.9972416831621293E-7
29.999999999999996        -1.4468229004595543E-6
30.1                      -2.4567327735316096E-6
30.200000000000003        -2.9388485602437097E-6
30.299999999999997        -2.5645562778633227E-6
30.4                      -1.1988991441507796E-6
30.5                      9.951060120191557E-7
30.599999999999998        3.523308921072236E-6
30.7                      5.6304854542640995E-6
30.799999999999997        6.479604674918162E-6
30.9                      5.410794808377713E-6
31                        2.2150747067237987E-6
31.099999999999998        -2.6653564368360735E-6
31.2                      -8.098358796570496E-6
31.3                      -1.2442842540305855E-5
31.4                      -1.3950117596979721E-5
31.5                      -1.1312743856403292E-5
31.6                      -4.219085355872354E-6
31.7                      6.2683989171385655E-6
31.8                      1.768353370704837E-5
31.900000000000002        2.6578747896799815E-5
32                        2.9381311959555534E-5
32.1                      2.351858185103806E-5
32.2                      8.516623236304657E-6
32.300000000000004        -1.3291008807317074E-5
32.39999999999999         -3.677407708950775E-5
32.5                      -5.491691461028335E-5
32.6                      -6.056645408583469E-5
32.7                      -4.8668823955431616E-5
32.800000000000004        -1.840373134757116E-5
32.9                      2.5486685989080752E-5
32.99999999999999         7.279324078818756E-5
33.1                      1.0967651425326402E-4
33.2                      1.2208885808617342E-4
33.300000000000004        1.0008990550929423E-4
33.4                      4.1921297241269874E-5
33.5                      -4.348301007892024E-5
33.599999999999994        -1.366938265180811E-4
33.699999999999996        -2.1125695417382456E-4
33.800000000000004        -2.4012007348182186E-4
33.9                      -2.0371905551937788E-4
34                        -9.762879744996028E-5
34.1                      6.264576315838632E-5
34.2                      2.4182282053375194E-4
34.3                      3.909781799105627E-4
34.4                      4.5911425376902944E-4
34.5                      4.078653331748812E-4
34.6                      2.2561687063055576E-4
34.7                      -6.328459086105108E-5
34.800000000000004        -3.9798620951342914E-4
34.89999999999999         -6.912031681161249E-4
35                        -8.491269916991899E-4
35.1                      -7.973314566080758E-4
35.2                      -5.063199676641084E-4
35.300000000000004        -9.213438164405984E-6
35.4                      5.950956964044609E-4
35.49999999999999         0.0011570712805694992
35.6                      0.0015091268932072074
35.7                      0.0015096900524380198
35.800000000000004        0.0010883339819263568
35.9                      2.7934413033746494E-4
36                        -7.679364264456171E-4
36.099999999999994        -0.0018091690661288533
36.199999999999996        -0.0025553773316335914
36.300000000000004        -0.0027449445614227096
36.4                      -0.002221009571104126
36.5                      -9.936893267652636E-4
36.6                      7.327550995622793E-4
36.7                      0.002581352485049194
36.8                      0.004074848586693274
36.9                      0.004747880557038531
37                        0.004274902199339886
37.1                      0.002581659200025929
37.2                      -9.267986775947127E-5
37.300000000000004        -0.0032074646607465384
37.39999999999999         -0.006015157193179122
37.5                      -0.007726223385869386
37.6                      -0.0077112045281475475
37.7                      -0.005691899091867835
37.800000000000004        -0.0018693114357545106
37.9                      0.0030548972151522268
37.99999999999999         0.007984831550414805
38.099999999999994        0.011655386357894
38.2                      0.012934128987714292
38.300000000000004        0.011132351876996776
38.400000000000006        0.006245901846767355
38.5                      -9.461237790618767E-4
38.599999999999994        -0.008969529293023644
38.699999999999996        -0.015932417268804035
38.800000000000004        -0.0199458958274716
38.900000000000006        -0.019599607643979007
39                        -0.014378504839096936
39.1                      -0.0049082140263945135
39.2                      0.007053927425013169
39.3                      0.018910814562489806
39.400000000000006        0.027761396718853613
39.5                      0.031075736833994935
39.6                      0.0273581420632178
39.7                      0.016633428342876157
39.800000000000004        6.172322075323802E-4
39.9                      -0.017505662433934914
40                        -0.03368274082237568
40.1                      -0.04386861198891416
40.2                      -0.04498982785225288
40.300000000000004        -0.03577648057646871
40.400000000000006        -0.0172482705529951
40.49999999999999         0.007293968779709688
40.599999999999994        0.032815461509404786
40.7                      0.05355307718651767
40.800000000000004        0.06428327659996119
40.900000000000006        0.06157790978793063
41                        0.044753781811544456
41.1                      0.016270263588101765
41.199999999999996        -0.018561037234967385
41.300000000000004        -0.05254104528729665
41.400000000000006        -0.07805215861320496
41.5                      -0.08873326179157662
41.6                      -0.08099540374255967
41.7                      -0.05502518767933584
41.8                      -0.015016838397356416
41.9                      0.031467821973580175
42                        0.07492247639863057
42.1                      0.10583380755769566
42.2                      0.11673629763056247
42.300000000000004        0.10394131925548088
42.4                      0.06854777958359302
42.49999999999999         0.016480594714594603
42.6                      -0.04249658598696292
42.7                      -0.09662880337963115
42.800000000000004        -0.13452099981342264
42.900000000000006        -0.147516685612153
42.99999999999999         -0.13160629355580789
43.099999999999994        -0.0884513523964411
43.2                      -0.02528393519393764
43.300000000000004        0.04633174962198135
43.400000000000006        0.11265448145957026
43.5                      0.16042456154612872
43.6                      0.17950267804783848
43.699999999999996        0.16496169744883654
43.800000000000004        0.11820625100365303
43.900000000000006        0.04688309196216146
44                        -0.036418932098142794
44.1                      -0.11644409144096758
44.2                      -0.1780948229576143
44.3                      -0.2092740825466207
44.4                      -0.20320801978975703
44.5                      -0.15980969406395748
44.6                      -0.08582422128468528
44.7                      0.0062778346397825355
44.800000000000004        0.10046184760130318
44.9                      0.17995686850858023
44.99999999999999         0.23024263910485743
45.1                      0.24166275997523384
45.2                      0.21120007729289914
45.300000000000004        0.1431004467226017
45.400000000000006        0.04823402606907328
45.49999999999999         -0.057697135825847484
45.599999999999994        -0.15679822040718772
45.7                      -0.23201692260828707
45.800000000000004        -0.27005866551133306
45.900000000000006        -0.26368738429917354
46                        -0.2130219731393456
46.1                      -0.12560717639871832
46.199999999999996        -0.015242171196237707
46.3                      0.10024347245815265
46.400000000000006        0.2019020713925751
46.5                      0.27278933773984876
46.6                      0.30078007884514857
46.7                      0.2806115068301163
46.8                      0.214812812672322
46.9                      0.11336155482110631
47                        -0.007883485175460999
47.1                      -0.12972119257784692
47.2                      -0.23270524141283547
47.300000000000004        -0.30029183826774136
47.4                      -0.32152036622671426
47.49999999999999         -0.29278557501160885
47.6                      -0.21841067927611443
47.7                      -0.10993075870019596
47.800000000000004        0.015788687932085016
47.900000000000006        0.13927927824496367
48                        0.24158582019780497
48.099999999999994        0.3072537239990407
48.2                      0.3267000688142242
48.300000000000004        0.29759335785061675
48.400000000000006        0.22504197362297695
48.5                      0.12059656221280728
48.6                      2.6996773860275087E-4
48.699999999999996        -0.11806517451222863
48.8                      -0.21745299358075096
48.900000000000006        -0.2843502814639974
49                        -0.31045930079238687
49.1                      -0.2936493663998687
49.2                      -0.23788750201426653
49.3                      -0.15226835699989077
49.4                      -0.04937389229644036
49.5                      0.0567192456640242
49.6                      0.15244379133206457
49.7                      0.22645615101839306
49.800000000000004        0.2708479563287959
49.900000000000006        0.2817562595959523
49.99999999999999         0.2593884290214743
50.1                      0.2075695149205437
50.2                      0.1329726698053698
50.300000000000004        0.044201631888475285
50.400000000000006        -0.04913608140845313
50.5                      -0.13728107889508404
50.599999999999994        -0.21107378058309653
50.699999999999996        -0.2626245212327633
50.800000000000004        -0.2859360377974342
50.900000000000006        -0.277494773242759
51                        -0.23680374377220734
51.1                      -0.1667760025129736
51.199999999999996        -0.07386526818165935
51.3                      0.03220055268102132
51.400000000000006        0.13918329113888145
51.5                      0.2336164727907072
51.6                      0.30251322869495967
51.7                      0.33528752753094104
51.8                      0.3255792224116595
51.9                      0.27263038851206006
52                        0.18189160474074426
52.1                      0.06464607082209636
52.2                      -0.06338871725428656
52.300000000000004        -0.1843203945670149
52.400000000000006        -0.28085297606456017
52.49999999999999         -0.33909052295344905
52.599999999999994        -0.3508555187293699
52.7                      -0.31507264619749015
52.800000000000004        -0.237934819523161
52.900000000000006        -0.13180040750390815
53                        -0.013020371795845394
53.099999999999994        0.10089233966539791
53.199999999999996        0.19420852899827082
53.300000000000004        0.25548346668998234
53.400000000000006        0.27915220154124526
53.5                      0.26595445115558264
53.6                      0.22217190682660892
53.699999999999996        0.15790620482786621
53.8                      0.08481470132672832
53.900000000000006        0.013812612283653101
54                        -0.04677432450935345
54.1                      -0.09225436617093287
54.2                      -0.12166538339183282
54.3                      -0.1370060983526963
54.4                      -0.14188735919743048
54.5                      -0.14001003804012396
54.6                      -0.13389285483202826
54.7                      -0.12418299736592144
54.800000000000004        -0.10970960538457832
54.900000000000006        -0.08823018480283931
54.99999999999999         -0.057627155213303145
55.099999999999994        -0.017185845035224606
55.2                      0.03144104225530805
55.300000000000004        0.08389721655060561
55.400000000000006        0.13356347061862575
55.5                      0.17271505388922584
55.599999999999994        0.19413857513331575
55.699999999999996        0.19281778902929847
55.800000000000004        0.16726312332959248
55.900000000000006        0.12013417570483789
56                        0.05796945627267204
56.1                      -0.009948096403006191
56.199999999999996        -0.07335171997501332
56.3                      -0.12298687383965783
56.4                      -0.15239394572483403
56.5                      -0.15907863123919708
56.6                      -0.14481524792308975
56.7                      -0.11503074927618648
56.800000000000004        -0.0774286105741605
56.9                      -0.04018202011726948
56.99999999999999         -0.010116204957642082
57.1                      0.008708483221556564
57.2                      0.01570318820570931
57.300000000000004        0.013607353807270395
57.400000000000006        0.007553774081462364
57.49999999999999         0.003580009991736315
57.599999999999994        0.0069470677800968494
57.7                      0.020665645241578386
57.800000000000004        0.04457896703234178
57.900000000000006        0.07522166739325419
58                        0.1064954983991958
58.099999999999994        0.1310144568488759
58.199999999999996        0.14181597389919154
58.300000000000004        0.13404616721552126
58.400000000000006        0.10622660789879287
58.5                      0.060799256731604315
58.6                      0.003806719912322987
58.699999999999996        -0.05623840712939523
58.8                      -0.1100531430370126
58.9                      -0.1494749391666823
59                        -0.16911576580834514
59.1                      -0.16740077702046213
59.2                      -0.14675223600380558
59.300000000000004        -0.11287764127896295
59.4                      -0.07333193566599776
59.49999999999999         -0.03569697085626689
59.6                      -0.005814779216823966
59.7                      0.013499026717455096
59.800000000000004        0.022948306796975307
59.900000000000006        0.026332391203333687
59.99999999999999         0.029304041236499788
60.099999999999994        0.037610883828767885
60.2                      0.05525585179440312
60.300000000000004        0.0830448218781906
60.400000000000006        0.11791123854201313
60.5                      0.15323379491732114
60.599999999999994        0.1801319842351699
60.699999999999996        0.1894871034898536
60.8                      0.17424730551552567
60.900000000000006        0.1314796929998527
61                        0.06365629949699547
61.099999999999994        -0.021195168565538113
61.199999999999996        -0.11060666524169334
61.3                      -0.18989790069917176
61.4                      -0.24509563365707476
61.49999999999999         -0.2659326813126472
61.599999999999994        -0.24825279503161715
61.699999999999996        -0.19523638523887105
61.8                      -0.11709254648218329
61.9                      -0.029191387812265518
62                        0.05103288424565179
62.10000000000001         0.10777562923952608
62.199999999999996        0.1303473311308635
62.3                      0.11565277354257517
62.4                      0.06905993979613591
62.5                      0.003400390176284243
62.6                      -0.06373598908444678
62.7                      -0.11385045407635146
62.8                      -0.13168855569882906
62.9                      -0.10876750113257488
63                        -0.045475355151325524
63.1                      0.048744030718267335
63.2                      0.157174962022068
63.300000000000004        0.25919326355547967
63.4                      0.33446862108976944
63.5                      0.36708938343726005
63.6                      0.3487299070083899
63.7                      0.2802150644845261
63.800000000000004        0.17120711810859335
63.900000000000006        0.03815506295422879
64                        -0.09899155617606693
64.1                      -0.22057215281786946
64.2                      -0.31071941300116324
64.3                      -0.35990589878849877
64.4                      -0.3661078799853833
64.5                      -0.3344738817750486
64.60000000000001         -0.27568978214726886
64.7                      -0.2034660911805767
64.79999999999998         -0.13169757020843592
64.9                      -0.07185047435375377
65                        -0.031034201805574556
65.10000000000001         -0.011045459821454202
65.2                      -0.00847483428008584
65.29999999999998         -0.015776073646059048
65.4                      -0.02304671874316468
65.5                      -0.020172490878404545
65.60000000000001         0.0010465964195493138
65.7                      0.0451458186115144
65.8                      0.11190383705533037
65.9                      0.1960809029862568
65.99999999999999         0.2880270197393088
66.10000000000001         0.3750654323015727
66.2                      0.4434376150629909
66.3                      0.48050840040462384
66.4                      0.4768865228663889
66.5                      0.42812317812704453
66.60000000000001         0.33570857687952715
66.69999999999999         0.20718617400128952
66.8                      0.055332750446315734
66.9                      -0.1035073893044384
67                        -0.2517128238137578
67.10000000000001         -0.37297101321002424
67.19999999999999         -0.45476475671679806
67.3                      -0.49035253386819494
67.39999999999999         -0.4798874345790539
67.5                      -0.43043401145682664
67.60000000000001         -0.3548109383833351
67.7                      -0.2693885820948273
67.8                      -0.1911719537365461
67.89999999999999         -0.13466122396806163
68                        -0.10906474173048597
68.10000000000001         -0.11641453930251239
68.2                      -0.15099325366890237
68.3                      -0.20024240831898962
68.4                      -0.2470294376833843
68.5                      -0.2728671875193689
68.6                      -0.2614709734005094
68.7                      -0.20195693695049652
68.8                      -0.09105481645424188
68.9                      0.06608512126405139
69                        0.25661551635575264
69.1                      0.46205601559618015
69.2                      0.6612496205802342
69.3                      0.8336171024476121
69.4                      0.9621083530868475
69.5                      1.0353704095031857
69.60000000000001         1.048858379609608
69.7                      1.004848694318948
69.79999999999998         0.9115165325316525
69.9                      0.781370710308057
70                        0.6293854828973715
70.10000000000001         0.4711404850860452
70.2                      0.32120493963783
70.29999999999998         0.19191190367820066
70.4                      0.0925870853460976
70.49999999999999         0.029235738073032272
70.60000000000001         0.004648842158767377
70.7                      0.018858255308375618
70.8                      0.06984322176817268
70.9                      0.15436805368852555
70.99999999999999         0.26882094282133473
71.10000000000001         0.40993746863635633
71.2                      0.5753352742491153
71.3                      0.7638529995828844
71.4                      0.975758263823105
71.5                      1.212939575827644
71.60000000000001         1.4792010319352629
71.69999999999999         1.7807258869868794
71.8                      2.126676599861655
71.9                      2.529787425973349
72                        3.0067261010536055
72.10000000000001         3.5779951036808275
72.19999999999999         4.267231178036341
72.3                      5.0999327189415675
72.39999999999999         6.10185355451987
72.5                      7.297482147685912
72.60000000000001         8.7091099035977
72.7                      10.35693635488072
72.8                      12.260458348842418
72.89999999999999         14.441087123971101
73                        16.925610312209866
73.10000000000001         19.749858959396455
73.2                      22.961832400190872
73.3                      26.623617094247077
73.4                      30.81169734035986
73.5                      35.61563336018172
73.6                      41.135479405119334
73.7                      47.47862895779089
73.8                      54.75692593443337
73.9                      63.08483414135691
74                        72.57922838512327
74.1                      83.36102151751851
74.2                      95.55846143361828
74.29999999999998         109.31161266846902
74.4                      124.77735071712799
74.5                      142.13417959002143
74.60000000000001         161.58632896427946
74.7                      183.3668542238901
74.79999999999998         207.739783563892
74.9                      235.0016552736565
75                        265.48299678244507
75.10000000000001         299.5503673039219
75.2                      337.60949999245275
75.29999999999998         380.1098528577975
75.4                      427.5505568480529
75.49999999999999         480.4874039575942
75.60000000000001         539.5402265674458
75.7                      605.3998518679651
75.8                      678.8338164928292
75.9                      760.6902009702843
75.99999999999999         851.899251021923
76.10000000000001         953.4728147914193
76.19999999999999         1066.501943942726
76.3                      1192.1531913759623
76.4                      1331.6641323812748
76.5                      1486.3384362315135
76.60000000000001         1657.540476304032
76.69999999999999         1846.6890882551133
76.80000000000001         2055.249783364746
76.9                      2284.7245951916448
77                        2536.6388302843707
77.10000000000001         2812.524290991227
77.19999999999999         3113.898962964166
77.30000000000001         3442.24359764985
77.39999999999999         3798.9759558163673
77.5                      4185.423631521069
77.60000000000001         4602.79632479504
77.7                      5052.158216166867
77.80000000000001         5534.4008036715595
77.89999999999999         6050.216295752561
78                        6600.071496218119
78.1                      7184.182111870712
78.2                      7802.4875493760255
78.30000000000001         8454.626492391068
78.4                      9139.913789506189
78.5                      9857.319370502648
78.6                      10605.450001226318
78.7                      11382.534678438391
78.80000000000001         12186.41437608583
78.9                      13014.536717781026
79                        13863.955998165698
79.1                      14731.33882560319
79.2                      15612.97551234535
79.3                      16504.79719000862
79.4                      17402.39847499855
79.5                      18301.06535917333
79.60000000000001         19195.80787675939
79.7                      20081.397025465107
79.8                      20952.405416082405
79.9                      21803.251188869
80                        22628.24484019655
80.10000000000001         23421.638703477936
80.2                      24177.67887375791
80.30000000000001         24890.65931878989
80.4                      25554.97777280019
80.49999999999999         26165.19278832623
80.60000000000001         26716.081079439602
80.7                      27202.694089939054
80.80000000000001         27620.412616753558
80.9                      27964.99833997366
80.99999999999999         28232.641251860037
81.10000000000001         28420.00220416817
81.19999999999999         28524.2500561788
81.30000000000001         28543.09315408374
81.4                      28474.805067007288
81.5                      28318.24462533441
81.60000000000001         28072.870350271663
81.69999999999999         27738.749339692993
81.80000000000001         27316.56060208118
81.89999999999999         26807.592730462988
82                        26213.735709204782
82.10000000000001         25537.466581165772
82.2                      24781.828706507797
82.30000000000001         23950.404448309637
82.39999999999999         23047.28133862307
82.5                      22077.012098473162
82.60000000000001         21044.569259635842
82.7                      19955.295489424498
82.80000000000001         18814.850965727786
82.89999999999999         17629.15921637288
83                        16404.35269335425
83.1                      15146.719023957201
83.2                      13862.648447948437
83.30000000000001         12558.58252825401
83.4                      11240.963927955578
83.5                      9916.186959060953
83.6                      8590.548745878454
83.7                      7270.201156724968
83.8                      5961.104038605785
83.9                      4668.980618614118
84                        3399.276112276159
84.10000000000001         2157.120554162233
84.2                      947.2966550420342
84.3                      -225.78683848268898
84.4                      -1358.116156971819
84.5                      -2446.088056577936
84.60000000000001         -3486.5202400683816
84.7                      -4476.657046139606
84.8                      -5414.170782871232
84.9                      -6297.1590382318645
84.99999999999999         -7124.138281635949
85.10000000000001         -7894.034094850694
85.2                      -8606.168424166064
85.30000000000001         -9260.244291641855
85.4                      -9856.328401512252
85.49999999999999         -10394.832006884208
85.60000000000001         -10876.490271170618
85.7                      -11302.340208011487
85.80000000000001         -11673.69716839639
85.9                      -11992.129814187687
85.99999999999999         -12259.433596960647
86.10000000000001         -12477.602936470439
86.19999999999999         -12648.80251604025
86.30000000000001         -12775.33831522007
86.4                      -12859.629118327728
86.5                      -12904.179229659918
86.60000000000001         -12911.552987253535
86.69999999999999         -12884.351429135535
86.80000000000001         -12825.191187436954
86.89999999999999         -12736.685433601668
87                        -12621.426529060733
87.10000000000001         -12481.96998274463
87.2                      -12320.81938176903
87.30000000000001         -12140.412118480252
87.39999999999999         -11943.105940268015
87.5                      -11731.166545154312
87.60000000000001         -11506.75658757735
87.7                      -11271.926510437639
87.80000000000001         -11028.607566874889
87.89999999999999         -10778.607246238418
88                        -10523.60710201933
88.1                      -10265.162739701753
88.2                      -10004.705511735245
88.30000000000001         -9743.54533426303
88.4                      -9482.874020469946
88.5                      -9223.768628837828
88.6                      -8967.19453221962
88.7                      -8714.008178816319
88.8                      -8464.959773994255
88.9                      -8220.696294974705
89                        -7981.7653069640855
89.10000000000001         -7748.619958842904
89.2                      -7521.625318210995
89.3                      -7301.06591541632
89.4                      -7087.15408341561
89.5                      -6880.038485722373
89.60000000000001         -6679.812177061897
89.7                      -6486.5196589295765
89.8                      -6300.162645510455
89.9                      -6120.704573946897
89.99999999999999         -5948.0741852566725
90.10000000000001         -5782.168683072184
90.2                      -5622.856994292418
90.30000000000001         -5469.983506215022
90.4                      -5323.3723882145405
90.49999999999999         -5182.8323093073595
90.60000000000001         -5048.161132801961
90.69999999999999         -4919.150081187534
90.80000000000001         -4795.586947544289
90.9                      -4677.258156437818
90.99999999999999         -4563.949771732481
91.10000000000001         -4455.447812258388
91.19999999999999         -4351.538380367946
91.30000000000001         -4252.008085413297
91.4                      -4156.645063629886
91.5                      -4065.240621445286
91.60000000000001         -3977.5912563437464
91.69999999999999         -3893.500631992805
91.80000000000001         -3812.7810618004187
91.89999999999999         -3735.254191854078
92                        -3660.7508189934297
92.10000000000001         -3589.110044655843
92.2                      -3520.178157432175
92.30000000000001         -3453.80769241643
92.39999999999999         -3389.8570188631643
92.5                      -3328.1905980878264
92.6                      -3268.6798069841734
92.7                      -3211.204023771632
92.80000000000001         -3155.6515850248043
92.89999999999999         -3101.9202680268336
93                        -3049.9171051237845
93.1                      -2999.5575384853946
93.2                      -2950.764105684885
93.30000000000001         -2903.4649543478936
93.4                      -2857.592494352649
93.5                      -2813.0824197137717
93.6                      -2769.8732055449245
93.7                      -2727.906053073441
93.8                      -2687.1251542576
93.9                      -2647.478095786389
94                        -2608.9162198797694
94.10000000000001         -2571.394793708334
94.2                      -2534.8728945592925
94.3                      -2499.3129818538755
94.4                      -2464.6801926759003
94.5                      -2430.9414594497275
94.60000000000001         -2398.0645989576865
94.7                      -2366.017548428151
94.8                      -2334.767912690318
94.9                      -2304.282927822041
94.99999999999999         -2274.529846457683
95.10000000000001         -2245.476630597626
95.2                      -2217.092735568994
95.30000000000001         -2189.349721966485
95.4                      -2162.22146604782
95.49999999999999         -2135.683852681384
95.60000000000001         -2109.713998810494
95.69999999999999         -2084.289218345938
95.80000000000001         -2059.38604606317
95.9                      -2034.9796491392904
96                        -2011.0438623607088
96.10000000000001         -1987.5519138141794
96.19999999999999         -1964.4777148492092
96.30000000000001         -1941.7974309232518
96.4                      -1919.4909741200624
96.5                      -1897.543080280085
96.60000000000001         -1875.943738455483
96.69999999999999         -1854.6878895443022
96.80000000000001         -1833.7744598147535
96.89999999999999         -1813.2049090369946
97                        -1792.981537180394
97.10000000000001         -1773.1058122301197
97.2                      -1753.576968726971
97.30000000000001         -1734.391094332394
97.39999999999999         -1715.5408723077298
97.5                      -1697.0160737842446
97.6                      -1678.8047862595436
97.7                      -1660.8952256856692
97.80000000000001         -1643.2778298918522
97.9                      -1625.9472107634201
98                        -1608.9034988067983
98.1                      -1592.152682390049
98.2                      -1575.705731316146
98.3                      -1559.576567486326
98.4                      -1543.7792367501045
98.5                      -1528.3248624949874
98.6                      -1513.2190512937545
98.7                      -1498.460338744575
98.8                      -1484.040024738812
98.9                      -1469.943414516283
99                        -1456.152146169821
99.10000000000001         -1442.647037810837
99.2                      -1429.410791585675
99.3                      -1416.4299647646485
99.4                      -1403.695830091715
99.49999999999999         -1391.2040333920518
99.60000000000001         -1378.9532381031618
99.7                      -1366.943156150149
99.80000000000001         -1355.1724615337973
99.9                      -1343.637059266291
99.99999999999999         -1332.329058872501
