0                         1.4456131146905097E-57
0.09999999999999999       -2.5463612293550773E-43
0.19999999999999998       -6.041622106671187E-41
0.30000000000000004       -7.749846970892259E-40
0.39999999999999997       -7.038537017781572E-39
0.5                       3.5511352728074594E-38
0.6000000000000001        -1.335558732833477E-37
0.7000000000000001        3.921386710393771E-37
0.7999999999999999        -3.7004538509445336E-37
0.8999999999999999        -2.387427509983361E-36
1                         8.410644167036381E-36
1.1                       2.224789589393522E-36
1.2000000000000002        -4.916723681352143E-35
1.3                       1.1830478402706841E-35
1.4000000000000001        2.3127250032735595E-34
1.5                       -1.6384592818649522E-35
1.5999999999999999        -9.764644916085897E-34
1.7                       -4.8967917599068116E-34
1.7999999999999998        3.370408097453877E-33
1.9                       4.686653393931924E-33
2                         -7.357125351605791E-33
2.0999999999999996        -2.3870937004733655E-32
2.2                       -3.158685452724425E-33
2.3                       7.292008650417228E-32
2.4000000000000004        1.0411366763494227E-31
2.5                       -8.222173780020455E-32
2.6                       -4.25969684286856E-31
2.7                       -3.764086519528008E-31
2.8000000000000003        6.584934843091352E-31
2.9000000000000004        2.0612449418560123E-30
3                         1.3996470496733176E-30
3.1                       -3.358534196252737E-30
3.1999999999999997        -9.164273389356671E-30
3.3000000000000003        -6.247402497998946E-30
3.4                       1.3282927342685305E-29
3.5                       3.835307468010612E-29
3.5999999999999996        3.20963106353217E-29
3.7                       -3.9835945234175124E-29
3.8                       -1.4818037398089674E-28
3.9                       -1.6408055414014334E-28
4                         6.417010950264938E-29
4.1000000000000005        5.037360243972229E-28
4.199999999999999         7.561123011567261E-28
4.3                       1.9978086263294268E-28
4.4                       -1.3751514636667546E-27
4.5                       -2.9760688662074635E-27
4.6                       -2.378917670555165E-27
4.7                       2.2561998204754446E-27
4.800000000000001         9.476963711099987E-27
4.9                       1.2739678945197138E-26
5                         3.204123164787338E-27
5.1000000000000005        -2.1567255180395612E-26
5.2                       -4.763676260316615E-26
5.3                       -4.426742277266985E-26
5.4                       1.6767947506048092E-26
5.5                       1.251054585867713E-25
5.6000000000000005        2.041350006344922E-25
5.699999999999999         1.3157883812343083E-25
5.800000000000001         -1.6811976434315831E-25
5.9                       -5.9316130656024255E-25
6                         -8.019246072958916E-25
6.1                       -3.498339966673288E-25
6.2                       9.349509300859491E-25
6.300000000000001         2.5115949058686717E-24
6.3999999999999995        3.0191154947881645E-24
6.5                       9.099149849524155E-25
6.6000000000000005        -4.1555027322172454E-24
6.7                       -9.871835204434219E-24
6.8                       -1.1187538584842148E-23
6.9                       -2.7883908170376944E-24
7                         1.6015747947479564E-23
7.1000000000000005        3.661573866890545E-23
7.199999999999999         4.120908977704939E-23
7.300000000000001         1.1540030558669571E-23
7.4                       -5.470082338449492E-23
7.499999999999999         -1.285365506554134E-22
7.6                       -1.500748583669497E-22
7.699999999999999         -5.66842782005057E-23
7.8                       1.641214311170051E-22
7.9                       4.2414325929469325E-22
8                         5.31751895538809E-22
8.099999999999998         2.7533143310985984E-22
8.200000000000001         -4.1358874601353153E-22
8.3                       -1.2958048153332275E-21
8.399999999999999         -1.7942376015973173E-21
8.5                       -1.2190162280479654E-21
8.6                       7.557624165350748E-22
8.700000000000001         3.574174655100758E-21
8.8                       5.626312098713016E-21
8.9                       4.791185386837678E-21
9                         -2.5976040137786958E-22
9.1                       -8.522182119154967E-21
9.2                       -1.59236414501368E-20
9.3                       -1.6462158937220282E-20
9.4                       -5.4963216895224035E-21
9.499999999999998         1.6019728223617978E-20
9.600000000000001         3.899577181248883E-20
9.700000000000001         4.822969161589524E-20
9.8                       3.0015331233211406E-20
9.9                       -1.7328600469053668E-20
10                        -7.633208452615182E-20
10.100000000000001        -1.137095473826096E-19
10.200000000000001        -9.680224426623675E-20
10.299999999999999        -1.6871813485700648E-20
10.4                      9.565706779047194E-20
10.5                      1.7997446633089453E-19
10.6                      1.818014812263121E-19
10.700000000000001        1.0023180525705764E-19
10.8                      6.599779212187382E-21
10.9                      -9.89198454020134E-23
11                        1.0086743502132354E-19
11.1                      1.5011686251954539E-19
11.200000000000001        -1.7481526237123572E-19
11.3                      -1.1304245870865072E-18
11.399999999999999        -2.502911299486775E-18
11.5                      -3.272720589599408E-18
11.600000000000001        -1.7526696483164588E-18
11.7                      3.4654169631602684E-18
11.8                      1.1853189871189802E-17
11.9                      1.93996656861142E-17
12                        1.8641838170482615E-17
12.100000000000001        1.6925106122980487E-18
12.2                      -3.3574295501546164E-17
12.3                      -7.646173482760664E-17
12.4                      -1.0041960148747904E-16
12.499999999999998        -6.984771263750162E-17
12.600000000000001        4.0346086129941996E-17
12.700000000000001        2.1689618616616302E-16
12.799999999999999        3.862677705304659E-16
12.9                      4.1960560017767113E-16
13                        1.8187813179523877E-16
13.100000000000001        -3.7627857703008195E-16
13.200000000000001        -1.1171662795022996E-15
13.299999999999999        -1.6694562168821383E-15
13.4                      -1.509385834432151E-15
13.5                      -2.0667383565748042E-16
13.6                      2.2145894085358344E-15
13.700000000000001        4.962908350482877E-15
13.8                      6.45797849044191E-15
13.899999999999999        4.8175915472731784E-15
14                        -1.119496478315759E-15
14.1                      -1.0540110493096404E-14
14.200000000000001        -1.9831186189462702E-14
14.3                      -2.2998141006928322E-14
14.399999999999999        -1.3877871017022531E-14
14.5                      1.008828722480126E-14
14.600000000000001        4.389036663688917E-14
14.7                      7.314856487754935E-14
14.8                      7.69590263723712E-14
14.9                      3.654285930014766E-14
14.999999999999998        -5.199254088233181E-14
15.100000000000001        -1.6600426428125624E-13
15.2                      -2.5348055270993755E-13
15.299999999999999        -2.4603683778067093E-13
15.399999999999999        -8.946349946189603E-14
15.5                      2.1584660035047595E-13
15.6                      5.825464436623488E-13
15.7                      8.35644268608268E-13
15.8                      7.621300600740367E-13
15.9                      2.1106824652203857E-13
16                        -7.845956911662267E-13
16.1                      -1.9216764741851075E-12
16.199999999999996        -2.6444547166019814E-12
16.3                      -2.313948764142782E-12
16.400000000000002        -5.170840569333238E-13
16.499999999999996        2.5801389740774514E-12
16.6                      6.006932062140832E-12
16.7                      8.081473221020676E-12
16.799999999999997        6.942023287860306E-12
16.900000000000002        1.456619161846406E-12
17                        -7.782632912835164E-12
17.1                      -1.787060422980477E-11
17.2                      -2.3927283756812093E-11
17.3                      -2.065422227305089E-11
17.400000000000002        -4.901457245013783E-12
17.5                      2.1597228554205483E-11
17.6                      5.066426926629649E-11
17.7                      6.867981951835304E-11
17.8                      6.087542890269275E-11
17.900000000000002        1.830684241101063E-11
18                        -5.476869167696987E-11
18.099999999999998        -1.3666184758760275E-10
18.2                      -1.9078420015926906E-10
18.3                      -1.768320089416828E-10
18.4                      -6.904415475416075E-11
18.5                      1.2428214062714164E-10
18.6                      3.490822839225907E-10
18.699999999999996        5.108977197783459E-10
18.8                      5.023537561817073E-10
18.900000000000002        2.4920013523260123E-10
18.999999999999996        -2.3917148220458015E-10
19.1                      -8.370692676679306E-10
19.200000000000003        -1.3110462231975188E-9
19.299999999999997        -1.3832495420230755E-9
19.400000000000002        -8.42886533821467E-10
19.5                      3.263985160133116E-10
19.6                      1.8562471953385198E-9
19.700000000000003        3.1978231280995675E-9
19.8                      3.657362923441365E-9
19.900000000000002        2.6539161290188023E-9
20                        3.0264286245884154E-11
20.1                      -3.703637202786418E-9
20.200000000000003        -7.331886216817148E-9
20.299999999999997        -9.196203046768723E-9
20.400000000000002        -7.760718834912794E-9
20.5                      -2.3412758064603243E-9
20.599999999999998        6.262472518331651E-9
20.700000000000003        1.5548444635395486E-8
20.8                      2.1757511390516178E-8
20.9                      2.1033141232994242E-8
21                        1.1051318559559838E-8
21.1                      -7.415467384470682E-9
21.2                      -2.9698135321571852E-8
21.3                      -4.780877005266668E-8
21.400000000000002        -5.263278157320997E-8
21.499999999999996        -3.736471146803877E-8
21.6                      -1.1631584293627882E-9
21.700000000000003        4.8436495445659516E-8
21.8                      9.577649887194121E-8
21.900000000000002        1.2077640293870518E-7
22                        1.05676073122832E-7
22.1                      4.303245908947957E-8
22.2                      -5.79018621418194E-8
22.3                      -1.6952554095965432E-7
22.400000000000002        -2.511021764351572E-7
22.499999999999996        -2.60852611281354E-7
22.6                      -1.7216921349816622E-7
22.700000000000003        1.1273208684486926E-8
22.799999999999997        2.478213611122827E-7
22.900000000000002        4.627501256041918E-7
23                        5.674605517312444E-7
23.099999999999998        4.895241221546333E-7
23.200000000000003        2.0495111266270754E-7
23.3                      -2.39132848673297E-7
23.4                      -7.226601356404215E-7
23.5                      -1.0778493717868419E-6
23.6                      -1.138972440145503E-6
23.7                      -8.042111920128929E-7
23.8                      -8.952473128647941E-8
23.900000000000002        8.474236589625173E-7
24                        1.7292975557442364E-6
24.1                      2.2298197608246873E-6
24.200000000000003        2.0786811902407707E-6
24.3                      1.1704103109385768E-6
24.4                      -3.6098006590826397E-7
24.5                      -2.1354727472635844E-6
24.6                      -3.6051508841863023E-6
24.7                      -4.206679379447939E-6
24.8                      -3.5497438703995655E-6
24.900000000000002        -1.5832923398992563E-6
24.999999999999996        1.3213581608363028E-6
25.1                      4.4134791479097846E-6
25.200000000000003        6.739072163265953E-6
25.299999999999997        7.4134791437429534E-6
25.400000000000002        5.915922700813145E-6
25.5                      2.31347373148465E-6
25.599999999999998        -2.6674569240735664E-6
25.700000000000003        -7.76500507774512E-6
25.8                      -1.1486586103162629E-5
25.9                      -1.2521358127246135E-5
26                        -1.0146790315976E-5
26.1                      -4.507888544016008E-6
26.200000000000003        3.322925900377932E-6
26.299999999999997        1.1538216691609768E-5
26.400000000000002        1.8002197087587893E-5
26.5                      2.0772824788519082E-5
26.599999999999998        1.8608424951273323E-5
26.700000000000003        1.133331670176503E-5
26.8                      -2.4375547656504378E-8
26.9                      -1.3352387714344801E-5
27                        -2.5804857160612947E-5
27.1                      -3.4317567149965904E-5
27.2                      -3.620480097800032E-5
27.3                      -2.9754915706646394E-5
27.400000000000002        -1.4746165081485803E-5
27.499999999999996        7.1990246460174115E-6
27.6                      3.2516379372410614E-5
27.700000000000003        5.596462031222232E-5
27.799999999999997        7.134318320689803E-5
27.900000000000002        7.268623554582246E-5
28                        5.582767011933892E-5
28.099999999999998        2.0058924276361973E-5
28.2                      -3.056500372468933E-5
28.3                      -8.68025304271962E-5
28.400000000000002        -1.3515038124385954E-4
28.499999999999996        -1.6032184572731126E-4
28.6                      -1.490519138699693E-4
28.700000000000003        -9.449305788555729E-5
28.799999999999997        -3.332109177332893E-8
28.900000000000002        1.1880998568347909E-4
29                        2.3555467022017747E-4
29.099999999999998        3.1746642317841795E-4
29.200000000000003        3.333352862907076E-4
29.3                      2.6276051367219767E-4
29.4                      1.0454623401278637E-4
29.5                      -1.1848135773716275E-4
29.6                      -3.604527168428385E-4
29.7                      -5.601997429233759E-4
29.8                      -6.549450726256495E-4
29.900000000000002        -5.972216021566514E-4
29.999999999999996        -3.7086646584500176E-4
30.1                      -1.4492277954083831E-6
30.200000000000003        4.4273670783214977E-4
30.299999999999997        8.609999035917666E-4
30.4                      0.0011409576564478797
30.5                      0.0011857296341531598
30.599999999999998        9.414319688442514E-4
30.7                      4.178661836968499E-4
30.799999999999997        -3.038510444382605E-4
30.9                      -0.0010803977966726177
31                        -0.0017319952269006583
31.099999999999998        -0.0020805691091197627
31.2                      -0.0019926385169668727
31.3                      -0.0014173354075409372
31.4                      -4.1014358611939517E-4
31.5                      8.647094646793965E-4
31.6                      0.0021561923330743866
31.7                      0.0031707094718126175
31.8                      0.0036316549319627012
31.900000000000002        0.0033433792521689967
32                        0.0022465797667376008
32.1                      4.523436337873517E-4
32.2                      -0.0017552658235647995
32.300000000000004        -0.003953299802429613
32.39999999999999         -0.0056493452132320345
32.5                      -0.006377559216277933
32.6                      -0.005805601440114138
32.7                      -0.0038315277425779
32.800000000000004        -6.477330402313416E-4
32.9                      0.0032484683617876866
32.99999999999999         0.0071104495917215845
33.1                      0.010064630851411351
33.2                      0.01128492511143188
33.300000000000004        0.010189351805686975
33.4                      0.006617416471339057
33.5                      9.429381534765009E-4
33.599999999999994        -0.005916593575674572
33.699999999999996        -0.01261568319073592
33.800000000000004        -0.017616867235295694
33.9                      -0.019512395408947218
34                        -0.01736983986722191
34.1                      -0.01102351509211174
34.2                      -0.0012337990853383176
34.3                      0.010344045909169482
34.4                      0.021403060473918552
34.5                      0.029413697019917615
34.6                      0.03216483556045541
34.7                      0.028306230750022827
34.800000000000004        0.017767295215127887
34.89999999999999         0.00194047813260379
35                        -0.01644126267897003
35.1                      -0.03374114803465221
35.2                      -0.04610698607266284
35.300000000000004        -0.05028540466367849
35.4                      -0.04439504845735675
35.49999999999999         -0.028484662556382167
35.6                      -0.004732873152583866
35.7                      0.022788439432913213
35.800000000000004        0.048777758357788914
35.9                      0.06769258347727693
36                        0.0748831856627277
36.099999999999994        0.06764575316995305
36.199999999999996        0.04596755298236181
36.300000000000004        0.01278256379256238
36.4                      -0.026356872933098734
36.5                      -0.06417362445517596
36.6                      -0.09298793040369946
36.7                      -0.10623285568093606
36.8                      -0.0998698591304805
36.9                      -0.0734090772882953
37                        -0.030296924212587346
37.1                      0.022455548487635847
37.2                      0.07538520065675311
37.300000000000004        0.11826025969895948
37.39999999999999         0.14203697590096048
37.5                      0.14071611371083453
37.6                      0.11272158900777281
37.7                      0.061496245411141036
37.800000000000004        -0.004850702581606141
37.9                      -0.07482859259845512
37.99999999999999         -0.13557863160622366
38.099999999999994        -0.17525577695015884
38.2                      -0.18532950026012163
38.300000000000004        -0.16235130941479914
38.400000000000006        -0.10882560340013125
38.5                      -0.0329848951510537
38.599999999999994        0.052521065792442395
38.699999999999996        0.1328017666081746
38.800000000000004        0.1933766415325927
38.900000000000006        0.22281245367028474
39                        0.2148574007020026
39.1                      0.16967342549695524
39.2                      0.0939346622945914
39.3                      -2.3172053607074805E-4
39.400000000000006        -0.09727604545148746
39.5                      -0.18086918341073646
39.6                      -0.23669440032620392
39.7                      -0.25490348816407904
39.800000000000004        -0.23181666158061304
39.9                      -0.17058030703429888
40                        -0.08067666635633677
40.1                      0.02362639162439101
40.2                      0.12562125201616647
40.300000000000004        0.20890764518827032
40.400000000000006        0.2600823456349773
40.49999999999999         0.27092444983266806
40.599999999999994        0.23971460384111415
40.7                      0.17147234230589664
40.800000000000004        0.0770784682398878
40.900000000000006        -0.028561163853370476
41                        -0.12899065826041028
41.1                      -0.2088900600913692
41.199999999999996        -0.25651237922167514
41.300000000000004        -0.26546245026141546
41.400000000000006        -0.2355330736968952
41.5                      -0.17248873645290877
41.6                      -0.08687815337034749
41.7                      0.00787351324123034
41.8                      0.09772620784832567
41.9                      0.170232622387588
42                        0.21632198735410296
42.1                      0.23139439641744614
42.2                      0.2156055419240356
42.300000000000004        0.17337642059612773
42.4                      0.11229539213247286
42.49999999999999         0.04166744291933286
42.6                      -0.02900417677684963
42.7                      -0.09134471523449535
42.800000000000004        -0.1390543443709738
42.900000000000006        -0.16838181991380957
42.99999999999999         -0.17813380180497743
43.099999999999994        -0.16931393498168174
43.2                      -0.14454125185890226
43.300000000000004        -0.10741437077109378
43.400000000000006        -0.06196570733966769
43.5                      -0.012295666715718181
43.6                      0.03759542251193637
43.699999999999996        0.08383137825830844
43.800000000000004        0.12264514916822783
43.900000000000006        0.15044456201748688
44                        0.16405012863317794
44.1                      0.16112901874276947
44.2                      0.14076101074167693
44.3                      0.10398969266117572
44.4                      0.054164533648251516
44.5                      -0.003111017703917518
44.6                      -0.06053645824083107
44.7                      -0.11016198778425507
44.800000000000004        -0.1447676042346239
44.9                      -0.15929095057644146
44.99999999999999         -0.15196136666890395
45.1                      -0.12482709955558563
45.2                      -0.08348349763096775
45.300000000000004        -0.035996852324567244
45.400000000000006        0.008775799942431084
45.49999999999999         0.04310229584221176
45.599999999999994        0.06207571500934578
45.7                      0.06468001653291602
45.800000000000004        0.05394236235370163
45.900000000000006        0.03611052507049524
46                        0.019032151686195667
46.1                      0.01011177050941209
46.199999999999996        0.014331036443728472
46.3                      0.032810916917333996
46.400000000000006        0.06227385353163012
46.5                      0.09555936055308091
46.6                      0.12310668312574494
46.7                      0.13509779746281547
46.8                      0.12380131867908598
46.9                      0.085604367814488
47                        0.022274849835885045
47.1                      -0.058851665264583713
47.2                      -0.14584935535636698
47.300000000000004        -0.2241939309459015
47.4                      -0.2794054862763605
47.49999999999999         -0.29983416689566417
47.6                      -0.2790346915280597
47.7                      -0.21724158673493615
47.800000000000004        -0.12162465807999358
47.900000000000006        -0.005242501551169419
48                        0.11512695110986124
48.099999999999994        0.2218705922565067
48.2                      0.2995833665042782
48.300000000000004        0.3376826781286059
48.400000000000006        0.33209690032832606
48.5                      0.28572481652172066
48.6                      0.20761636566501832
48.699999999999996        0.11108178291472875
48.8                      0.011140450483330698
48.900000000000006        -0.07816913393523248
49                        -0.14609935500325255
49.1                      -0.1867120704770331
49.2                      -0.1993772841192157
49.3                      -0.18823835939358352
49.4                      -0.16083143379903322
49.5                      -0.12619553947290174
49.6                      -0.09288201811767563
49.7                      -0.06725982824212973
49.800000000000004        -0.05242630375793626
49.900000000000006        -0.047892756237438404
49.99999999999999         -0.05005089246648793
50.1                      -0.053271623896952384
50.2                      -0.05137160565370369
50.300000000000004        -0.03912567110531648
50.400000000000006        -0.013513980350277179
50.5                      0.02553415173152116
50.599999999999994        0.07502064440708978
50.699999999999996        0.129370622245493
50.800000000000004        0.18140345167942468
50.900000000000006        0.22356901346261676
51                        0.24920621710177032
51.1                      0.2536031996786853
51.199999999999996        0.23469966458235314
51.3                      0.19335136534497827
51.400000000000006        0.1331549118999006
51.5                      0.05989409406633932
51.6                      -0.019288279419236
51.7                      -0.09686436713799701
51.8                      -0.16590127840875207
51.9                      -0.22090721394185006
52                        -0.25841749613774423
52.1                      -0.27722701287930696
52.2                      -0.2782314784396972
52.300000000000004        -0.26391519757244664
52.400000000000006        -0.2376033205856921
52.49999999999999         -0.20265891434639044
52.599999999999994        -0.1618255318287271
52.7                      -0.11687972465019361
52.800000000000004        -0.06866860563191894
52.900000000000006        -0.01748917564555179
53                        0.036342898792391595
53.099999999999994        0.09194765795306115
53.199999999999996        0.14755795707708597
53.300000000000004        0.20053431536875427
53.400000000000006        0.24770607156141736
53.5                      0.28590686436501705
53.6                      0.3125052266879054
53.699999999999996        0.3257446393678144
53.8                      0.32479671050193504
53.900000000000006        0.3095592290548121
54                        0.28034295722075453
54.1                      0.23763743692090847
54.2                      0.18210388793077853
54.3                      0.11482778762087006
54.4                      0.037723813667750815
54.5                      -0.04611572759886514
54.6                      -0.1323512957900832
54.7                      -0.2157389480403127
54.800000000000004        -0.29085864363956226
54.900000000000006        -0.35303269898422523
54.99999999999999         -0.3991351449162845
55.099999999999994        -0.4280028246586126
55.2                      -0.4402874446520629
55.300000000000004        -0.4377890687231246
55.400000000000006        -0.42250739618237176
55.5                      -0.39575786017961906
55.599999999999994        -0.35767748463920046
55.699999999999996        -0.3072961353683436
55.800000000000004        -0.2431304149187144
55.900000000000006        -0.16405766462657395
56                        -0.07012747470618819
56.1                      0.03699188500785052
56.199999999999996        0.15407267275340586
56.3                      0.2768186179629688
56.4                      0.4005389077167488
56.5                      0.5206968885215444
56.6                      0.6331068283638666
56.7                      0.7337398273169693
56.800000000000004        0.8183112857644308
56.9                      0.8819622456831375
56.99999999999999         0.919348727670998
57.1                      0.9253079599210097
57.2                      0.8960322277798798
57.300000000000004        0.8304455846830449
57.400000000000006        0.731343569217885
57.49999999999999         0.6058804090039026
57.599999999999994        0.46516754749739764
57.7                      0.3230156023928308
57.800000000000004        0.1941087947624972
57.900000000000006        0.09205354498196638
58                        0.02774336448030458
58.099999999999994        0.008345181500962157
58.199999999999996        0.037005911627595416
58.300000000000004        0.11319165822702862
58.400000000000006        0.23347546057573873
58.5                      0.39260338264210604
58.6                      0.5847566653967784
58.699999999999996        0.805016348666741
58.8                      1.0510533830547164
58.9                      1.32497773257382
59                        1.6351102483611193
59.1                      1.9972706637288211
59.2                      2.4351042749878955
59.300000000000004        2.9790742562688064
59.4                      3.6640377362499628
59.49999999999999         4.525734674311865
59.6                      5.596920952015091
59.7                      6.904125934669294
59.800000000000004        8.466002897676514
59.900000000000006        10.293942065059042
59.99999999999999         12.39509995596273
60.099999999999994        14.777409492284761
60.2                      17.455643802989233
60.300000000000004        20.457353090442496
60.400000000000006        23.82754263887062
60.5                      27.631282658365144
60.599999999999994        31.953932186258562
60.699999999999996        36.899178985853325
60.8                      42.585517258014825
60.900000000000006        49.14202702064802
61                        56.704368954618154
61.099999999999994        65.4118040781133
61.199999999999996        75.40585010406707
61.3                      86.83095046061915
61.4                      99.83728763343089
61.49999999999999         114.5856254499082
61.599999999999994        131.2538130764552
61.699999999999996        150.04433825281677
61.8                      171.19211664549027
61.9                      194.97160851858803
62                        221.70242391782006
62.10000000000001         251.7528434170725
62.199999999999996        285.54111728605477
62.3                      323.534923020608
62.4                      366.2498265240968
62.5                      414.2478679696442
62.6                      468.137383754674
62.7                      528.5748640777499
62.8                      596.2691050939101
62.9                      671.987290044847
63                        756.5620965150985
63.1                      850.89862057456
63.2                      955.9799038141216
63.300000000000004        1072.8701242621623
63.4                      1202.7149637760447
63.5                      1346.7391461885743
63.6                      1506.2415119850357
63.7                      1682.5881664238198
63.800000000000004        1877.2041920441056
63.900000000000006        2091.564206708469
64                        2327.181771720272
64.1                      2585.5974143296157
64.2                      2868.364900062832
64.3                      3177.035399843993
64.4                      3513.139323787377
64.5                      3878.165784962135
64.60000000000001         4273.539851697858
64.7                      4700.597899286174
64.79999999999998         5160.561460050559
64.9                      5654.509998726466
65                        6183.35302780378
65.10000000000001         6747.801948279297
65.2                      7348.34197285634
65.29999999999998         7985.204470291727
65.4                      8658.34006502644
65.5                      9367.392838558524
65.60000000000001         10111.67601329297
65.7                      10890.149560824946
65.8                      11701.400263701309
65.9                      12543.624859145744
65.99999999999999         13414.616977294743
66.10000000000001         14311.75861843572
66.2                      15232.016860151965
66.3                      16171.94633071039
66.4                      17127.697742879558
66.5                      18095.032496260224
66.60000000000001         19069.3430893641
66.69999999999999         20045.678898273065
66.8                      21018.77681770032
66.9                      21983.09632541524
67                        22932.858683690334
67.10000000000001         23862.09016325253
67.19999999999999         24764.669290657963
67.3                      25634.37812181117
67.39999999999999         26464.95741250182
67.5                      27250.16531406079
67.60000000000001         27983.8389244013
67.7                      28659.957740700003
67.8                      29272.70784891259
67.89999999999999         29816.545580177488
68                        30286.259367071798
68.10000000000001         30677.028622296995
68.2                      30984.478608199614
68.3                      31204.730441907086
68.4                      31334.44557359181
68.5                      31370.864278939902
68.6                      31311.837914741154
68.7                      31155.854880960575
68.8                      30902.06038196773
68.9                      30550.27014561798
69                        30100.97821393051
69.1                      29555.358764908364
69.2                      28915.26170398554
69.3                      28183.201554661486
69.4                      27362.339075659354
69.5                      26456.45511396792
69.60000000000001         25469.916498000086
69.7                      24407.634244310455
69.79999999999998         23275.014893722386
69.9                      22077.906273242123
70                        20822.539272696817
70.10000000000001         19515.46725571703
70.2                      18163.50449779439
70.29999999999998         16773.664641361363
70.4                      15353.09971016453
70.49999999999999         13909.039867314426
70.60000000000001         12448.733926602832
70.7                      10979.390658143087
70.8                      9508.12111881888
70.9                      8041.882490795028
70.99999999999999         6587.424126193595
71.10000000000001         5151.236603807075
71.2                      3739.504588039372
71.3                      2358.0641742272837
71.4                      1012.3652658353504
71.5                      -292.56059302344505
71.60000000000001         -1552.1265962166258
71.69999999999999         -2762.2110135424073
71.8                      -3919.1713557675503
71.9                      -5019.852429246795
72                        -6061.5886111867285
72.10000000000001         -7042.200966555668
72.19999999999999         -7959.990048778014
72.3                      -8813.7252864305
72.39999999999999         -9602.63170680943
72.5                      -10326.374408238858
72.60000000000001         -10985.040768448962
72.7                      -11579.120017462727
72.8                      -12109.479656144274
72.89999999999999         -12577.338348094096
73                        -12984.235332269196
73.10000000000001         -13331.996971572482
73.2                      -13622.701578781855
73.3                      -13858.643958235432
73.4                      -14042.301055278262
73.5                      -14176.29971987955
73.6                      -14263.386990944862
73.7                      -14306.40269526888
73.8                      -14308.25373412079
73.9                      -14271.889332111547
74                        -14200.27675661504
74.1                      -14096.377467495207
74.2                      -13963.124134361085
74.29999999999998         -13803.399267750956
74.4                      -13620.016230282472
74.5                      -13415.703121263434
74.60000000000001         -13193.089577873652
74.7                      -12954.696090929112
74.79999999999998         -12702.925170447066
74.9                      -12440.053715309568
75                        -12168.226224852593
75.10000000000001         -11889.44891214345
75.2                      -11605.5851564193
75.29999999999998         -11318.352901092096
75.4                      -11029.324484423989
75.49999999999999         -10739.929020248372
75.60000000000001         -10451.456965916808
75.7                      -10165.066109895422
75.8                      -9881.788039719131
75.9                      -9602.53427927168
75.99999999999999         -9328.10166312496
76.10000000000001         -9059.176999964091
76.19999999999999         -8796.341484804467
76.3                      -8540.075503348427
76.4                      -8290.764375334533
76.5                      -8048.70526120489
76.60000000000001         -7814.115046843279
76.69999999999999         -7587.138690185933
76.80000000000001         -7367.85738663777
76.9                      -7156.296024578273
77                        -6952.4296959015155
77.10000000000001         -6756.189368548119
77.19999999999999         -6567.467075289107
77.30000000000001         -6386.121030170137
77.39999999999999         -6211.980940795622
77.5                      -6044.853516688547
77.60000000000001         -5884.527907348145
77.7                      -5730.78065904934
77.80000000000001         -5583.37982041763
77.89999999999999         -5442.0880336201735
78                        -5306.664727864218
78.1                      -5176.867760671033
78.2                      -5052.4549293241125
78.30000000000001         -4933.185666748732
78.4                      -4818.822991843021
78.5                      -4709.1355140983405
78.6                      -4603.899119793118
78.7                      -4502.897975102425
78.80000000000001         -4405.92467531445
78.9                      -4312.779672014243
79                        -4223.270393154516
79.1                      -4137.210607686846
79.2                      -4054.42050564234
79.3                      -3974.7276822638187
79.4                      -3897.9688308777995
79.5                      -3823.9916096556262
79.60000000000001         -3752.6559874470013
79.7                      -3683.8344643782366
79.8                      -3617.4108818225654
79.9                      -3553.2779758085417
80                        -3491.3342344381463
80.10000000000001         -3431.480851270341
80.2                      -3373.619543956608
80.30000000000001         -3317.651742093186
80.4                      -3263.479235181152
80.49999999999999         -3211.005952094448
80.60000000000001         -3160.1402533220007
80.7                      -3110.7970395984344
80.80000000000001         -3062.899120617458
80.9                      -3016.3775770235666
80.99999999999999         -2971.171176062489
81.10000000000001         -2927.22515390041
81.19999999999999         -2884.489782285704
81.30000000000001         -2842.9190811418275
81.4                      -2802.469867934399
81.5                      -2763.1011316005442
81.60000000000001         -2724.7735687086647
81.69999999999999         -2687.449078982346
81.80000000000001         -2651.090095689276
81.89999999999999         -2615.6587850167525
82                        -2581.1163170778727
82.10000000000001         -2547.4225141550733
82.2                      -2514.5361660580043
82.30000000000001         -2482.4161567917545
82.39999999999999         -2451.0233071967855
82.5                      -2420.3225783303224
82.60000000000001         -2390.2850884489485
82.7                      -2360.8893473011535
82.80000000000001         -2332.121240424983
82.89999999999999         -2303.97258421426
83                        -2276.438447467908
83.1                      -2249.513790280531
83.2                      -2223.190196770505
83.30000000000001         -2197.4534968704634
83.4                      -2172.2828665780658
83.5                      -2147.6516174684734
83.6                      -2123.5294430261024
83.7                      -2099.885512861513
83.8                      -2076.69160813523
83.9                      -2053.9245274642963
84                        -2031.5672415502604
84.10000000000001         -2009.6086482845267
84.2                      -1988.042154179121
84.3                      -1966.8635679517906
84.4                      -1946.0688728308055
84.5                      -1925.6523502003934
84.60000000000001         -1905.605325035704
84.7                      -1885.9155893646894
84.8                      -1866.567417119204
84.9                      -1847.542048010157
84.99999999999999         -1828.8185659652263
85.10000000000001         -1810.37516246986
85.2                      -1792.190783561613
85.30000000000001         -1774.2470715951454
85.4                      -1756.5303480139514
85.49999999999999         -1739.033215252924
85.60000000000001         -1721.755282546286
85.7                      -1704.702617357235
85.80000000000001         -1687.8858035785886
85.9                      -1671.3168823650935
85.99999999999999         -1655.0058329056071
86.10000000000001         -1638.9574754884945
86.19999999999999         -1623.1696471598111
86.30000000000001         -1607.6331965304164
86.4                      -1592.3338517699274
86.5                      -1577.2554881763797
86.60000000000001         -1562.3839284503638
86.69999999999999         -1547.7102739439208
86.80000000000001         -1533.232923714423
86.89999999999999         -1518.9578271311025
87                        -1504.8970015925383
87.10000000000001         -1491.0657773852752
87.2                      -1477.4794898245937
87.30000000000001         -1464.1503779294271
87.39999999999999         -1451.0852974019924
87.5                      -1438.2845932774655
87.60000000000001         -1425.7421966203628
87.7                      -1413.4467800240373
87.80000000000001         -1401.3836586834648
87.89999999999999         -1389.537052616686
88                        -1377.8923106834877
88.1                      -1366.4377231919223
88.2                      -1355.165617165364
88.30000000000001         -1344.0725462055723
88.4                      -1333.1585571512346
88.5                      -1322.4257163446673
88.6                      -1311.8762597989835
88.7                      -1301.5108314089998
88.8                      -1291.327243529457
88.9                      -1281.3200285021499
89                        -1271.4807956386203
89.10000000000001         -1261.7991550596143
89.2                      -1252.2638146853437
89.3                      -1242.8634623734015
89.4                      -1233.5872095268635
89.5                      -1224.4246244085361
89.60000000000001         -1215.3656101763167
89.7                      -1206.4004779469392
89.8                      -1197.520477291755
89.9                      -1188.718804864071
89.99999999999999         -1179.9918182925605
90.10000000000001         -1171.3399700655386
90.2                      -1162.7679517713027
90.30000000000001         -1154.2837353384427
90.4                      -1145.8965555242223
90.49999999999999         -1137.6142668969023
90.60000000000001         -1129.440780030376
90.69999999999999         -1121.3743275885763
90.80000000000001         -1113.4071072829997
90.9                      -1105.5264631389866
90.99999999999999         -1097.7173300294248
91.10000000000001         -1089.9653209175196
91.19999999999999         -1082.2596821625748
91.30000000000001         -1074.5954074437625
91.4                      -1066.9740412504173
91.5                      -1059.4030304708367
91.60000000000001         -1051.893804712052
91.69999999999999         -1044.4590166107873
91.80000000000001         -1037.1095238764215
91.89999999999999         -1029.8517436518991
92                        -1022.6859627791866
92.10000000000001         -1015.6060439129094
92.2                      -1008.6007225235585
92.30000000000001         -1001.6563541076753
92.39999999999999         -994.7605921052277
92.5                      -987.9061482423745
92.6                      -981.0936279969355
92.7                      -974.3325463845304
92.80000000000001         -967.6400434313371
92.89999999999999         -961.0374565719263
93                        -954.5455865861197
93.1                      -948.1799801462496
93.2                      -941.9476448585999
93.30000000000001         -935.8462316439939
93.4                      -929.8659542085348
93.5                      -923.9936111642032
93.6                      -918.2173526137655
93.7                      -912.5305646062998
93.8                      -906.9335506584797
93.9                      -901.4324759407365
94                        -896.036026387332
94.10000000000001         -890.7510568551847
94.2                      -885.5788499836478
94.3                      -880.5133491489855
94.4                      -875.5419657878056
94.5                      -870.6485889048038
94.60000000000001         -865.8176169443734
94.7                      -861.0374944622854
94.8                      -856.3024846320559
94.9                      -851.6121287237752
94.99999999999999         -846.9687399932905
95.10000000000001         -842.3739984968822
95.2                      -837.8259861363277
95.30000000000001         -833.317746911179
95.4                      -828.8378070644408
95.49999999999999         -824.3723233985087
95.60000000000001         -819.9079530847704
95.69999999999999         -815.4343640813727
95.80000000000001         -810.9455643302741
95.9                      -806.4397753445596
96                        -801.9181625834432
96.10000000000001         -797.3831197764678
96.19999999999999         -792.8368539428309
96.30000000000001         -788.2807541113839
96.4                      -783.7156029562752
96.5                      -779.1423123740533
96.60000000000001         -774.5626935574386
96.69999999999999         -769.9798590350405
96.80000000000001         -765.3981230497131
96.89999999999999         -760.822562981105
97                        -756.2585744018344
97.10000000000001         -751.7117172356077
97.2                      -747.187941692137
97.30000000000001         -742.6940209731425
97.39999999999999         -738.2378497142007
97.5                      -733.8282898447965
97.6                      -729.4744568062774
97.7                      -725.1846368864011
97.80000000000001         -720.9652583104353
97.9                      -716.820377044727
98                        -712.7519455042336
98.1                      -708.7607844631516
98.2                      -704.8478338671904
98.3                      -701.0150856761622
98.4                      -697.2656999049691
98.5                      -693.6031508746954
98.6                      -690.0297032719724
98.7                      -686.5448756942983
98.8                      -683.1446401269322
98.9                      -679.8218649045554
99                        -676.5680153861813
99.10000000000001         -673.3755765933697
99.2                      -670.2402883677294
99.3                      -667.1622577131178
99.4                      -664.1453693209619
99.49999999999999         -661.195031387156
99.60000000000001         -658.3149360535156
99.7                      -655.5039300212512
99.80000000000001         -652.7541121420618
99.9                      -650.0508837736201
99.99999999999999         -647.3750159787191
