0                         1.1628314816053594E-53
0.09999999999999999       -3.4394378047211724E-41
0.19999999999999998       -3.9309049745161025E-40
0.30000000000000004       4.686947489682546E-39
0.39999999999999997       -1.2355267490055103E-38
0.5                       -1.98873159725385E-38
0.6000000000000001        1.2284165001679142E-37
0.7000000000000001        5.010387916234561E-38
0.7999999999999999        -7.3591481658170196E-37
0.8999999999999999        -3.1094889296712743E-37
1                         3.507706943058723E-36
1.1                       3.155037310196452E-36
1.2000000000000002        -1.296949303980859E-35
1.3                       -2.296137149629501E-35
1.4000000000000001        2.957876508552137E-35
1.5                       1.1415308137419074E-34
1.5999999999999999        1.7364971070929965E-35
1.7                       -3.712597495380499E-34
1.7999999999999998        -5.073953727168883E-34
1.9                       5.50296544857887E-34
2                         2.317320465464854E-33
2.0999999999999996        1.4964965900357857E-33
2.2                       -4.802264482042322E-33
2.3                       -1.135960570924528E-32
2.4000000000000004        -3.159881954862032E-33
2.5                       2.7175245144651064E-32
2.6                       5.096321924203084E-32
2.7                       6.51693544580388E-33
2.8000000000000003        -1.2634519162801223E-31
2.9000000000000004        -2.2314482484704017E-31
3                         -3.8499016718249346E-32
3.1                       5.109638313251121E-31
3.1999999999999997        9.612323796364671E-31
3.3000000000000003        3.5401778368843433E-31
3.4                       -1.7828921809321893E-30
3.5                       -3.9683537148075805E-30
3.5999999999999996        -2.6018909907354598E-30
3.7                       4.9868181544220836E-30
3.8                       1.5070383553844002E-29
3.9                       1.5115030021504623E-29
4                         -8.20138295867781E-30
4.1000000000000005        -4.99735425603731E-29
4.199999999999999         -7.182137035125579E-29
4.3                       -1.670000373035977E-29
4.4                       1.324016577986515E-28
4.5                       2.812121249917667E-28
4.6                       2.234348245596191E-28
4.7                       -2.0984145333044795E-28
4.800000000000001         -8.825597878852015E-28
4.9                       -1.1874966565818789E-27
5                         -3.0409163803715143E-28
5.1000000000000005        1.9931553259763312E-27
5.2                       4.402149801468457E-27
5.3                       4.0535816470279674E-27
5.4                       -1.6638172953784665E-27
5.5                       -1.1688103561675954E-26
5.6000000000000005        -1.8703025798110597E-26
5.699999999999999         -1.124092460684456E-26
5.800000000000001         1.7294664500657834E-26
5.9                       5.614292349628045E-26
6                         7.190545651127734E-26
6.1                       2.331360348780685E-26
6.2                       -1.0098208327960829E-25
6.300000000000001         -2.4082274664734195E-25
6.3999999999999995        -2.602988166689047E-25
6.5                       -2.021078283395693E-26
6.6000000000000005        4.780888652579291E-25
6.7                       9.618407468515085E-25
6.8                       9.157240482051008E-25
6.9                       -1.150458359695904E-25
7                         -2.0084260124496985E-24
7.1000000000000005        -3.663655463285206E-24
7.199999999999999         -3.2127652479586495E-24
7.300000000000001         8.268277557952429E-25
7.4                       7.765008114031787E-24
7.499999999999999         1.3494495191342426E-23
7.6                       1.1440953649397673E-23
7.699999999999999         -3.334993444810787E-24
7.8                       -2.808716220281969E-23
7.9                       -4.839100905909496E-23
8                         -4.1595991297928555E-23
8.099999999999998         9.319060681178332E-24
8.200000000000001         9.557550495480245E-23
8.3                       1.6915092042952102E-22
8.399999999999999         1.5347721268296254E-22
8.5                       -1.191043932362552E-23
8.6                       -3.0508111492389713E-22
8.700000000000001         -5.745338271221286E-22
8.8                       -5.669385505041567E-22
8.9                       -6.422581222753078E-23
9                         9.02366648380678E-22
9.1                       1.8833556945123957E-21
9.2                       2.0635118950593963E-21
9.3                       6.598404813111734E-22
9.4                       -2.4042978593047444E-21
9.499999999999998         -5.896476542675024E-21
9.600000000000001         -7.289040237052996E-21
9.700000000000001         -3.834018526513986E-21
9.8                       5.3867157823049456E-21
9.9                       1.7363095757369774E-20
10                        2.4641573911942047E-20
10.100000000000001        1.7941144467769578E-20
10.200000000000001        -7.903880856412083E-21
10.299999999999999        -4.692841160710904E-20
10.4                      -7.8611865908631E-20
10.5                      -7.320176075103544E-20
10.6                      -7.844666988081031E-21
10.700000000000001        1.1118723311150252E-19
10.8                      2.326994784418448E-19
10.9                      2.6744423058324027E-19
11                        1.2801863261432068E-19
11.1                      -2.052775955275925E-19
11.200000000000001        -6.234713802282245E-19
11.3                      -8.805800618703957E-19
11.399999999999999        -6.789788790495569E-19
11.5                      1.5107098339035485E-19
11.600000000000001        1.444411808572926E-18
11.7                      2.5958525531630026E-18
11.8                      2.6972800021237488E-18
11.9                      9.765961046914341E-19
12                        -2.5751832563049843E-18
12.100000000000001        -6.704637852789681E-18
12.2                      -8.949628871246747E-18
12.3                      -6.555206618695547E-18
12.4                      1.837217220002364E-18
12.499999999999998        1.4395779361065375E-17
12.600000000000001        2.5344138984476914E-17
12.700000000000001        2.6384411965211693E-17
12.799999999999999        1.0660906746548355E-17
12.9                      -2.1841929318624076E-17
13                        -6.01719946666951E-17
13.100000000000001        -8.300245606655055E-17
13.200000000000001        -6.631120879836892E-17
13.299999999999999        2.730272724462276E-18
13.4                      1.110465333983364E-16
13.5                      2.130830860864502E-16
13.6                      2.411326572227717E-16
13.700000000000001        1.354354188610854E-16
13.8                      -1.140155286651805E-16
13.899999999999999        -4.3379790171784545E-16
14                        -6.6693690321246595E-16
14.1                      -6.243727097863711E-16
14.200000000000001        -1.8350777966155575E-16
14.3                      6.021898175433732E-16
14.399999999999999        1.4440134158202329E-15
14.5                      1.8712493751351523E-15
14.600000000000001        1.4213214060251107E-15
14.7                      -7.99929165487411E-17
14.8                      -2.273214481579166E-15
14.9                      -4.219695940321863E-15
14.999999999999998        -4.679772553886727E-15
15.100000000000001        -2.701434070363036E-15
15.2                      1.6879980268855008E-15
15.299999999999999        7.054732548825208E-15
15.399999999999999        1.0774111985568287E-14
15.5                      1.0050936201323611E-14
15.6                      3.489806961520453E-15
15.7                      -7.492326485647022E-15
15.8                      -1.8343575248835356E-14
15.9                      -2.2823575109832196E-14
16                        -1.6100709413370082E-14
16.1                      1.7141805786353553E-15
16.199999999999996        2.3650635361619485E-14
16.3                      3.75484219618321E-14
16.400000000000002        3.188046017616421E-14
16.499999999999996        3.823277937954853E-15
16.6                      -3.478969911790239E-14
16.7                      -5.881205955964883E-14
16.799999999999997        -4.1366499380488854E-14
16.900000000000002        2.684057723125279E-14
17                        1.1975193073571005E-13
17.1                      1.7332978782157049E-13
17.2                      1.0921614894981723E-13
17.3                      -1.1560873687124562E-13
17.400000000000002        -4.5155055162278846E-13
17.5                      -7.265589380690878E-13
17.6                      -6.822152316476335E-13
17.7                      -9.433983147071403E-14
17.8                      1.0475879560895704E-12
17.900000000000002        2.3827014583707786E-12
18                        3.15987669930629E-12
18.099999999999998        2.459479948310402E-12
18.2                      -3.312538026625448E-13
18.3                      -4.926627886209418E-12
18.4                      -9.728135787182276E-12
18.5                      -1.1950906327084764E-11
18.6                      -8.546643893641886E-12
18.699999999999996        2.1449056472321756E-12
18.8                      1.8554998037863284E-11
18.900000000000002        3.4820050155632965E-11
18.999999999999996        4.1562783698072344E-11
19.1                      2.914279238059887E-11
19.200000000000003        -7.056071720190197E-12
19.299999999999997        -6.11259577307389E-11
19.400000000000002        -1.1387437649007132E-10
19.5                      -1.3584571491074653E-10
19.6                      -9.762678745428776E-11
19.700000000000003        1.4240977131413655E-11
19.8                      1.8134823445982376E-10
19.900000000000002        3.460387320253632E-10
20                        4.2094834700385175E-10
20.1                      3.1914975263358565E-10
20.200000000000003        -4.078042440292221E-13
20.299999999999997        -4.881347126362429E-10
20.400000000000002        -9.832238696253342E-10
20.5                      -1.2397639715718011E-9
20.599999999999998        -1.0089588520530328E-9
20.700000000000003        -1.6276149248704407E-10
20.8                      1.1836852952308139E-9
20.9                      2.6127012071970585E-9
21                        3.4667250424191607E-9
21.1                      3.058121522281739E-9
21.2                      9.899343715711472E-10
21.3                      -2.519228099404118E-9
21.400000000000002        -6.462070483205857E-9
21.499999999999996        -9.171434340259014E-9
21.6                      -8.820338574778458E-9
21.700000000000003        -4.214114195220823E-9
21.8                      4.376824880652117E-9
21.900000000000002        1.4718646084641045E-8
22                        2.2821737884386058E-8
22.1                      2.4046249915529017E-8
22.2                      1.4956945914031594E-8
22.3                      -4.62602272141678E-9
22.400000000000002        -3.023960595039835E-8
22.499999999999996        -5.2941030986914946E-8
22.6                      -6.154329490269535E-8
22.700000000000003        -4.670650527857185E-8
22.799999999999997        -5.757430937609305E-9
22.900000000000002        5.362634641479508E-8
23                        1.1290094466256137E-7
23.099999999999998        1.4667348061091444E-7
23.200000000000003        1.3111625860928774E-7
23.3                      5.4688600758475506E-8
23.4                      -7.262887267504266E-8
23.5                      -2.1602131885095107E-7
23.6                      -3.2183400427821436E-7
23.7                      -3.334372540123635E-7
23.8                      -2.13570823724841E-7
23.900000000000002        3.3992514915236896E-8
24                        3.525757249399656E-7
24.1                      6.384133998693685E-7
24.200000000000003        7.672400721729683E-7
24.3                      6.372678561152706E-7
24.4                      2.1632138823496514E-7
24.5                      -4.242803595107144E-7
24.6                      -1.1062221259953177E-6
24.7                      -1.5811052057977906E-6
24.8                      -1.6049055450937354E-6
24.900000000000002        -1.0319068166720954E-6
24.999999999999996        1.0219109743636714E-7
25.1                      1.5421520088179111E-6
25.200000000000003        2.8462459194085797E-6
25.299999999999997        3.496940898555825E-6
25.400000000000002        3.0688766249759533E-6
25.5                      1.4078883872685942E-6
25.599999999999998        -1.2404594302424046E-6
25.700000000000003        -4.211311869255637E-6
25.8                      -6.544028984089038E-6
25.9                      -7.241006735629396E-6
26                        -5.605405310144713E-6
26.1                      -1.561007192602094E-6
26.200000000000003        4.159320409068038E-6
26.299999999999997        1.0052609161944331E-5
26.400000000000002        1.4154987810968043E-5
26.5                      1.4584379503026497E-5
26.599999999999998        1.0194199364555578E-5
26.700000000000003        1.1495305191235627E-6
26.8                      -1.0783505049968964E-5
26.9                      -2.2402864005400503E-5
27                        -2.9752210983054126E-5
27.1                      -2.9229136459503196E-5
27.2                      -1.886837949672864E-5
27.3                      5.739325125273067E-7
27.400000000000002        2.5142657679684138E-5
27.499999999999996        4.813048602998073E-5
27.6                      6.154940102249846E-5
27.700000000000003        5.841707746358721E-5
27.799999999999997        3.532301549905402E-5
27.900000000000002        -5.498354610615771E-6
28                        -5.5405851222207476E-5
28.099999999999998        -1.0050348460367228E-4
28.2                      -1.2483162026255984E-4
28.3                      -1.1507418796102751E-4
28.400000000000002        -6.561262158854745E-5
28.499999999999996        1.7664801915387913E-5
28.6                      1.1638298245789871E-4
28.700000000000003        2.0256861185811236E-4
28.799999999999997        2.45410307089612E-4
28.900000000000002        2.2059745460976468E-4
29                        1.1976966271332429E-4
29.099999999999998        -4.3014774189222325E-5
29.200000000000003        -2.3061121950460154E-4
29.3                      -3.894604870366556E-4
29.4                      -4.6305588571870566E-4
29.5                      -4.093055296865086E-4
29.6                      -2.1699626606692143E-4
29.7                      8.413570407769024E-5
29.8                      4.24258114860143E-4
29.900000000000002        7.071161718410424E-4
29.999999999999996        8.346721987824035E-4
30.1                      7.370157108665197E-4
30.200000000000003        3.9914947688492804E-4
30.299999999999997        -1.242329597447733E-4
30.4                      -7.126257533220574E-4
30.5                      -0.0012042104768830147
30.599999999999998        -0.0014369215052553845
30.7                      -0.0012963491514725823
30.799999999999997        -7.572331770925387E-4
30.9                      9.470210693794719E-5
31                        0.0010698550900458052
31.099999999999998        0.0019128561961513123
31.2                      0.002365018363952986
31.3                      0.002236637430481054
31.4                      0.001470067007927489
31.5                      1.7478730141224594E-4
31.6                      -0.0013787517932208004
31.7                      -0.002809957871277688
31.8                      -0.0037153358325144182
31.900000000000002        -0.00377322390902126
32                        -0.0028403947256778507
32.1                      -0.0010141946062486352
32.2                      0.0013600956756604171
32.300000000000004        0.0037452163823004656
32.39999999999999         0.0055246039108872965
32.5                      0.006150104212443476
32.6                      0.005291682852468037
32.7                      0.002951587458919466
32.800000000000004        -4.903815428832335E-4
32.9                      -0.004320918372734061
32.99999999999999         -0.007627400859795583
33.1                      -0.009500641936008187
33.2                      -0.009264531420587785
33.300000000000004        -0.006678418290084115
33.4                      -0.0020574616975311097
33.5                      0.0037306635187349096
33.599999999999994        0.009408680806184459
33.699999999999996        0.013554843852700747
33.800000000000004        0.014939310204089788
33.9                      0.012855766970919306
34                        0.007363658539608424
34.1                      -6.314225865805415E-4
34.2                      -0.009499035743428941
34.3                      -0.017199864398688
34.4                      -0.02173890063837802
34.5                      -0.021657303857288576
34.6                      -0.01644448408218471
34.7                      -0.006760498691744806
34.800000000000004        0.0056038272647861405
34.89999999999999         0.018042831794424563
35                        0.027674953054050974
35.1                      0.031993251950650115
35.2                      0.02948134436205153
35.300000000000004        0.020047292998254758
35.4                      0.005162028952619134
35.49999999999999         -0.012348680981196078
35.6                      -0.02883275401193277
35.7                      -0.04056093098776569
35.800000000000004        -0.04454276226333689
35.9                      -0.039234129635483825
36                        -0.024976955574169932
36.099999999999994        -0.004062214461733034
36.199999999999996        0.019617836967245426
36.300000000000004        0.04127812220398382
36.4                      0.056182962778594275
36.5                      0.060640856085335954
36.6                      0.05285015313685567
36.7                      0.033412556582662525
36.8                      0.0053873195260450415
36.9                      -0.02615623559569431
37                        -0.055031293773362064
37.1                      -0.07511991707357857
37.2                      -0.08163080716837781
37.300000000000004        -0.0721751437362925
37.39999999999999         -0.047426379061081866
37.5                      -0.011199467460839694
37.6                      0.030105641558681444
37.7                      0.06862275299341528
37.800000000000004        0.0965054541356829
37.9                      0.10749807320831686
37.99999999999999         0.09827686260020126
38.099999999999994        0.06927898788626549
38.2                      0.02482933280671711
38.300000000000004        -0.027490307519322157
38.400000000000006        -0.07813588684554337
38.5                      -0.11733272823318591
38.599999999999994        -0.13692701968687812
38.699999999999996        -0.13201024156243235
38.800000000000004        -0.1020048357511632
38.900000000000006        -0.05099197259164039
39                        0.012805613201646936
39.1                      0.07832444686285572
39.2                      0.13354363820240864
39.3                      0.16764023378031842
39.400000000000006        0.17304470481691092
39.5                      0.14702219056894777
39.6                      0.09246531913269655
39.7                      0.017702813832800306
39.800000000000004        -0.06470902675007248
39.9                      -0.14006057147806641
40                        -0.1941025553096017
40.1                      -0.21574222625163433
40.2                      -0.1993101905970482
40.300000000000004        -0.14592853845186468
40.400000000000006        -0.06365317779344995
40.49999999999999         0.033713664668926696
40.599999999999994        0.12898157087181616
40.7                      0.2046924963465598
40.800000000000004        0.24641735196844253
40.900000000000006        0.24557922454975378
41                        0.20122657154323148
41.1                      0.1203777520258119
41.199999999999996        0.016841609069859105
41.300000000000004        -0.09127320290458187
41.400000000000006        -0.1848818200088876
41.5                      -0.2474352783104399
41.6                      -0.26794423376194443
41.7                      -0.24294236006209205
41.8                      -0.17703398666629208
41.9                      -0.08195044900510921
42                        0.025675404006728304
42.1                      0.1273726547342861
42.2                      0.2061478833019434
42.300000000000004        0.24943930027767208
42.4                      0.2511819446363483
42.49999999999999         0.21263591846413418
42.6                      0.14186721228518256
42.7                      0.05202252002387894
42.800000000000004        -0.041239920316915375
42.900000000000006        -0.12265214567696059
42.99999999999999         -0.18000993291748157
43.099999999999994        -0.20611743874539623
43.2                      -0.19966291550917487
43.300000000000004        -0.1649141254580446
43.400000000000006        -0.11037124603226026
43.5                      -0.04672971125427163
43.6                      0.015363860420007893
43.699999999999996        0.06726377099090083
43.800000000000004        0.10358900917707281
43.900000000000006        0.1225960479987087
44                        0.12569169056445476
44.1                      0.11632833512508514
44.2                      0.09865739478602664
44.3                      0.07633889732646659
44.4                      0.05181573608843238
44.5                      0.026191167624039
44.6                      -3.4818799344071795E-4
44.7                      -0.0277850234182268
44.800000000000004        -0.05550478292008071
44.9                      -0.08179922511839477
44.99999999999999         -0.10382544370646604
45.1                      -0.11805084266921986
45.2                      -0.12105926136529709
45.300000000000004        -0.11048432350932519
45.400000000000006        -0.08580192406160972
45.49999999999999         -0.048758234005055884
45.599999999999994        -0.0033127153134774705
45.7                      0.04489735446117071
45.800000000000004        0.08945046881762345
45.900000000000006        0.12419927053287966
46                        0.14428029146486906
46.1                      0.1468899307777902
46.199999999999996        0.1317025332946945
46.3                      0.1008805483149468
46.400000000000006        0.05869740515940537
46.5                      0.010850865894936225
46.6                      -0.036415542931313286
46.7                      -0.07724310304898423
46.8                      -0.10699571950118222
46.9                      -0.1228740356392419
47                        -0.12420888051559416
47.1                      -0.11239020300811148
47.2                      -0.09045363524538383
47.300000000000004        -0.062413374431455726
47.4                      -0.03248120241983861
47.49999999999999         -0.004332535685505083
47.6                      0.019436192172138638
47.7                      0.03756551024432883
47.800000000000004        0.05008426868696072
47.900000000000006        0.05800346681035806
48                        0.06285256704164535
48.099999999999994        0.066176985733845
48.2                      0.06910168867214837
48.300000000000004        0.0720306000030938
48.400000000000006        0.07451165132143162
48.5                      0.0752676757497232
48.6                      0.07238045188932797
48.699999999999996        0.063614568971359
48.8                      0.046866998180748264
48.900000000000006        0.020714127696974338
49                        -0.015005195072708307
49.1                      -0.05867738516672053
49.2                      -0.10661762028594943
49.3                      -0.15314081789526615
49.4                      -0.19110793949316052
49.5                      -0.21295804419459916
49.6                      -0.21210367797820753
49.7                      -0.18443554384454675
49.800000000000004        -0.12959623127061032
49.900000000000006        -0.05167874859410988
49.99999999999999         0.04090157119795344
50.1                      0.13643848112684973
50.2                      0.22173201664606176
50.300000000000004        0.28431822834171305
50.400000000000006        0.3146766925283599
50.5                      0.30794956514224486
50.599999999999994        0.2648091401874594
50.699999999999996        0.19130103635260387
50.800000000000004        0.0977163542655746
50.900000000000006        -0.0032497070525965574
51                        -0.09866140651928923
51.1                      -0.1773988510423185
51.199999999999996        -0.23173448417369558
51.3                      -0.2581840147884802
51.400000000000006        -0.25754700920341767
51.5                      -0.23420965873031563
51.6                      -0.19490703696535147
51.7                      -0.1472182777392793
51.8                      -0.09809119035292088
51.9                      -0.05266659886669275
52                        -0.013605012309279844
52.1                      0.018980798908547127
52.2                      0.04700133179294556
52.300000000000004        0.07340717484342074
52.400000000000006        0.10097974878337657
52.49999999999999         0.13118538329178286
52.599999999999994        0.16337788820273128
52.7                      0.19456281809015055
52.800000000000004        0.21980756649278374
52.900000000000006        0.23322356580418574
53                        0.22930027220255567
53.099999999999994        0.2042758515980016
53.199999999999996        0.1572146635333749
53.300000000000004        0.09053247153506037
53.400000000000006        0.00984718053266088
53.5                      -0.07680342870580428
53.6                      -0.16019132496813598
53.699999999999996        -0.23130317940426517
53.8                      -0.28263825048556096
53.900000000000006        -0.3091760256034726
54                        -0.3088923937450249
54.1                      -0.28281178536005197
54.2                      -0.2346664940525775
54.3                      -0.17027667905953048
54.4                      -0.0967673104189994
54.5                      -0.02171785107145715
54.6                      0.04768234386994931
54.7                      0.10541019458675899
54.800000000000004        0.1472494025110659
54.900000000000006        0.17121916668548726
54.99999999999999         0.17771820302364494
55.099999999999994        0.16933944148776778
55.2                      0.15036533531647936
55.300000000000004        0.12602144076972885
55.400000000000006        0.10162383997914506
55.5                      0.08178099439783816
55.599999999999994        0.0697902542279721
55.699999999999996        0.06730837869032878
55.800000000000004        0.07429563196737805
55.900000000000006        0.089164441614969
56                        0.10903239937109559
56.1                      0.12999620816449975
56.199999999999996        0.14739781500108953
56.3                      0.15611879893085534
56.4                      0.15098038433011152
56.5                      0.1273190168873599
56.6                      0.08174639083763882
56.7                      0.013007378187684004
56.800000000000004        -0.07724342370790582
56.9                      -0.18397501152862306
56.99999999999999         -0.2988292351069859
57.1                      -0.4107948748880479
57.2                      -0.5074679611433622
57.300000000000004        -0.576706297035938
57.400000000000006        -0.6083749766241305
57.49999999999999         -0.5958458330783939
57.599999999999994        -0.5369667642697108
57.7                      -0.4343383669601712
57.800000000000004        -0.294886792629033
57.900000000000006        -0.12885937005282053
58                        0.05154046415827243
58.099999999999994        0.23363365994902058
58.199999999999996        0.4056410112072394
58.300000000000004        0.5577895860815356
58.400000000000006        0.6830500461908896
58.5                      0.7774601359995322
58.6                      0.840033500599463
58.699999999999996        0.8722926446286514
58.8                      0.8775093509279757
58.9                      0.8597868307389831
59                        0.8231643825355384
59.1                      0.7709464216480598
59.2                      0.705431715117144
59.300000000000004        0.6281353851932694
59.4                      0.5404664857101477
59.49999999999999         0.4446806327335029
59.6                      0.34481674441524623
59.7                      0.24729328345956736
59.800000000000004        0.16090614511204385
59.900000000000006        0.09612896938871605
59.99999999999999         0.06382565225552843
60.099999999999994        0.07368122758609667
60.2                      0.13277709378959837
60.300000000000004        0.24473675195608852
60.400000000000006        0.4097423284450151
60.5                      0.6255034970816267
60.599999999999994        0.8890117848613786
60.699999999999996        1.1987066616021316
60.8                      1.55657362964542
60.900000000000006        1.9697158335762683
61                        2.4510787566594394
61.099999999999994        3.019219705494639
61.199999999999996        3.6972408202458134
61.3                      4.511189308966406
61.4                      5.488332263838103
61.49999999999999         6.655722010429432
61.599999999999994        8.039391922845995
61.699999999999996        9.664388752984465
61.8                      11.555688435879624
61.9                      13.739888054002183
62                        16.24744012895734
62.10000000000001         19.115112268846424
62.199999999999996        22.388325405214587
62.3                      26.123052836405975
62.4                      30.387049802872607
62.5                      35.26032040797634
62.6                      40.834894941747756
62.7                      47.21415445547066
62.8                      54.512063139169896
62.9                      62.852718716563125
63                        72.3705878212567
63.1                      83.21166211493652
63.2                      95.53558251304756
63.300000000000004        109.51858307069077
63.4                      125.35695735493157
63.5                      143.27069039905365
63.6                      163.50694357718658
63.7                      186.34321013050362
63.800000000000004        212.09013021877303
63.900000000000006        241.0941082508618
64                        273.73996091396054
64.1                      310.4538153011362
64.2                      351.7063796694431
64.3                      398.0165617809387
64.4                      449.95526507262275
64.5                      508.1491014849946
64.60000000000001         573.2837506639041
64.7                      646.1067658919235
64.79999999999998         727.4297449414324
64.9                      818.1298990599589
65                        919.1511168563804
65.10000000000001         1031.5046026937598
65.2                      1156.269072090571
65.29999999999998         1294.590339892718
65.4                      1447.6799892272786
65.5                      1616.8127099455576
65.60000000000001         1803.3218774784673
65.7                      2008.5930127847582
65.8                      2234.0548997982073
65.9                      2481.1682984879417
65.99999999999999         2751.41233601759
66.10000000000001         3046.268753790197
66.2                      3367.2042237053865
66.3                      3715.65093393335
66.4                      4092.9856088460983
66.5                      4500.507098408473
66.60000000000001         4939.41267008696
66.69999999999999         5410.773167350496
66.8                      5915.507254963091
66.9                      6454.355036083509
67                        7027.85138349722
67.10000000000001         7636.299368047678
67.19999999999999         8279.74419211324
67.3                      8957.94805250287
67.39999999999999         9670.366374498877
67.5                      10416.125881589927
67.60000000000001         11194.00499095743
67.7                      12002.41704423322
67.8                      12839.39688622837
67.89999999999999         13702.591284977396
68                        14589.253645241766
68.10000000000001         15496.243411250362
68.2                      16420.030490922938
68.3                      17356.70496677068
68.4                      18301.99228385215
68.5                      19251.274011854643
68.6                      20199.6141557094
68.7                      21141.790834935015
68.8                      22072.33297961154
68.9                      22985.561530215644
69                        23875.634517960578
69.1                      24736.595374697143
69.2                      25562.423888321246
69.3                      26347.089360461483
69.4                      27084.605685505623
69.5                      27769.088182666903
69.60000000000001         28394.81200905046
69.7                      28956.27182466424
69.79999999999998         29448.242081459914
69.9                      29865.836930899386
70                        30204.568388724416
70.10000000000001         30460.401170304063
70.2                      30629.802597671336
70.29999999999998         30709.786207947564
70.4                      30697.948123187994
70.49999999999999         30592.49577681137
70.60000000000001         30392.26910478848
70.7                      30096.754681874627
70.8                      29706.09343936441
70.9                      29221.082531498396
70.99999999999999         28643.171679092546
71.10000000000001         27974.454013322087
71.2                      27217.651183981692
71.3                      26376.092375234995
71.4                      25453.68692824521
71.5                      24454.890486269356
71.60000000000001         23384.66488888383
71.69999999999999         22248.432361382645
71.8                      21052.024795050995
71.9                      19801.629048812072
72                        18503.729220829624
72.10000000000001         17165.046775756742
72.19999999999999         15792.479324051057
72.3                      14393.038784166538
72.39999999999999         12973.789642590546
72.5                      11541.788054752009
72.60000000000001         10104.022569518274
72.7                      8667.35726875061
72.8                      7238.478058187248
72.89999999999999         5823.84271851989
73                        4429.635147092466
73.10000000000001         3061.724033942659
73.2                      1725.626068432461
73.3                      426.4736976016372
73.4                      -831.0125399374672
73.5                      -2042.5470247672367
73.6                      -3204.2972675290516
73.7                      -4312.897148123074
73.8                      -5365.455051500291
73.9                      -6359.556876560495
74                        -7293.264044108837
74.1                      -8165.1067773102695
74.2                      -8974.07303325404
74.29999999999998         -9719.593506949386
74.4                      -10401.523117449025
74.5                      -11020.11935171511
74.60000000000001         -11576.017825056148
74.7                      -12070.205445200245
74.79999999999998         -12503.99164115002
74.9                      -12878.97820898752
75                        -13197.028387932527
75.10000000000001         -13460.235767867922
75.2                      -13670.893526596028
75.29999999999998         -13831.464321653222
75.4                      -13944.550971780138
75.49999999999999         -14012.867924837705
75.60000000000001         -14039.213474387547
75.7                      -14026.44276828687
75.8                      -13977.441811564186
75.9                      -13895.102826584554
75.99999999999999         -13782.301412050783
76.10000000000001         -13641.875883154764
76.19999999999999         -13476.608978695676
76.3                      -13289.211849560284
76.4                      -13082.310000113685
76.5                      -12858.4307438906
76.60000000000001         -12619.991817452315
76.69999999999999         -12369.291056732625
76.80000000000001         -12108.497387475565
76.9                      -11839.64367735236
77                        -11564.622108251862
77.10000000000001         -11285.182577260672
77.19999999999999         -11002.934240692714
77.30000000000001         -10719.34978707001
77.39999999999999         -10435.771530157865
77.5                      -10153.418119497888
77.60000000000001         -9873.390680165241
77.7                      -9596.677522784077
77.80000000000001         -9324.157113569792
77.89999999999999         -9056.599597807613
78                        -8794.667652713752
78.1                      -8538.91767847093
78.2                      -8289.802276937458
78.30000000000001         -8047.674665349982
78.4                      -7812.795241134551
78.5                      -7585.34008575979
78.6                      -7365.41087447932
78.7                      -7153.045492787157
78.80000000000001         -6948.228639717576
78.9                      -6750.90177675983
79                        -6560.971908173547
79.1                      -6378.318823201772
79.2                      -6202.800590237532
79.3                      -6034.257280544044
79.4                      -5872.513120738884
79.5                      -5717.377507675811
79.60000000000001         -5568.645513201627
79.7                      -5426.098589556674
79.8                      -5289.5061028405225
79.9                      -5158.6280613705
80                        -5033.219019754812
80.10000000000001         -4913.032734298034
80.2                      -4797.8268486808665
80.30000000000001         -4687.366803823785
80.4                      -4581.428329863762
80.49999999999999         -4479.79824429727
80.60000000000001         -4382.27373017767
80.7                      -4288.660652726754
80.80000000000001         -4198.771665708898
80.9                      -4112.424803003352
80.99999999999999         -4029.4429773577262
81.10000000000001         -3949.654424103972
81.19999999999999         -3872.8937735408294
81.30000000000001         -3799.0032337774965
81.4                      -3727.8333753639854
81.5                      -3659.2432080631106
81.60000000000001         -3593.0995385933743
81.69999999999999         -3529.2758759716007
81.80000000000001         -3467.6513051397274
81.89999999999999         -3408.1097313214973
82                        -3350.53972707174
82.10000000000001         -3294.834966772816
82.2                      -3240.895007180277
82.30000000000001         -3188.626048801425
82.39999999999999         -3137.9413273417995
82.5                      -3088.7609191532083
82.60000000000001         -3041.010940535487
82.7                      -2994.6223049110235
82.80000000000001         -2949.529316263923
82.89999999999999         -2905.668397569495
83                        -2862.977191414871
83.1                      -2821.3941628083535
83.2                      -2780.858721624384
83.30000000000001         -2741.311791339392
83.4                      -2702.69668837429
83.5                      -2664.960133726841
83.6                      -2628.053184513496
83.7                      -2591.9318470721714
83.8                      -2556.557130852454
83.9                      -2521.894348556962
84                        -2487.9115822799595
84.10000000000001         -2454.5774143376507
84.2                      -2421.8582295509023
84.3                      -2389.7155700920084
84.4                      -2358.104094186114
84.5                      -2326.970605929845
84.60000000000001         -2296.254380873129
84.7                      -2265.8886630270013
84.8                      -2235.8028523964704
84.9                      -2205.9246535762654
84.99999999999999         -2176.181407811633
85.10000000000001         -2146.500016849415
85.2                      -2116.8052444880154
85.30000000000001         -2087.0166416476004
85.4                      -2057.044740532757
85.49999999999999         -2026.7873747353897
85.60000000000001         -1996.126934926202
85.7                      -1964.9290772765853
85.80000000000001         -1933.0429564068256
85.9                      -1900.3025967790784
85.99999999999999         -1866.5286863866536
86.10000000000001         -1831.529967856985
86.19999999999999         -1795.1035321883305
86.30000000000001         -1757.0336292254779
86.4                      -1717.0889845621386
86.5                      -1675.0189328458534
86.60000000000001         -1630.5488530841837
86.69999999999999         -1583.375393129389
86.80000000000001         -1533.161832043722
86.89999999999999         -1479.5337279715563
87                        -1422.0748227471827
87.10000000000001         -1360.3230865050132
87.2                      -1293.7668058416334
87.30000000000001         -1221.8407223496945
87.39999999999999         -1143.9223605243835
87.5                      -1059.3287872810754
87.60000000000001         -967.3140807231275
87.7                      -867.0677451916603
87.80000000000001         -757.7142134811775
87.89999999999999         -638.3134619946516
88                        -507.862667567888
88.1                      -365.2987816780129
88.2                      -209.50190001719767
88.30000000000001         -39.29936265738739
88.4                      146.529374364671
88.5                      349.2469119099906
88.6                      570.1507774170882
88.7                      810.5644899820384
88.8                      1071.8262201795853
88.9                      1355.2744527758302
89                        1662.2302226150498
89.10000000000001         1993.9758231580422
89.2                      2351.7303458607994
89.3                      2736.6229030941086
89.4                      3149.664785155593
89.5                      3591.7219705129664
89.60000000000001         4063.4892634709804
89.7                      4565.466879651339
89.8                      5097.939645140217
89.9                      5660.958309694623
89.99999999999999         6254.322014248159
90.10000000000001         6877.560868543618
90.2                      7529.917946766456
90.30000000000001         8210.330717404308
90.4                      8917.41278329148
90.49999999999999         9649.437550432509
90.60000000000001         10404.325824670048
90.69999999999999         11179.639215374598
90.80000000000001         11972.58062348491
90.9                      12780.002180094803
90.99999999999999         13598.42005322128
91.10000000000001         14424.034835788418
91.19999999999999         15252.755965047116
91.30000000000001         16080.228852043972
91.4                      16901.864006579865
91.5                      17712.86819461202
91.60000000000001         18508.278287810004
91.69999999999999         19282.998738935363
91.80000000000001         20031.843447314994
91.89999999999999         20749.58222446925
92                        21430.99131702934
92.10000000000001         22070.906738128473
92.2                      22664.27871921726
92.30000000000001         23206.22554226031
92.39999999999999         23692.08533302219
92.5                      24117.46495235197
92.6                      24478.28570819669
92.7                      24770.826027546227
92.80000000000001         24991.761351563273
92.89999999999999         25138.201340068645
93                        25207.72409437179
93.1                      25198.40669700681
93.2                      25108.851090508062
93.30000000000001         24938.20428100752
93.4                      24686.172066356696
93.5                      24353.0258710333
93.6                      23939.602687267434
93.7                      23447.298444604454
93.8                      22878.05528588486
93.9                      22234.34322430574
94                        21519.136570165065
94.10000000000001         20735.885449691395
94.2                      19888.482768261514
94.3                      18981.227107321713
94.4                      18018.782227617812
94.5                      17006.1339777017
94.60000000000001         15948.545383920798
94.7                      14851.510497336836
94.8                      13720.707254810473
94.9                      12561.949310264696
94.99999999999999         11381.136662130291
95.10000000000001         10184.205047430805
95.2                      8977.07448734049
95.30000000000001         7765.597926554754
95.4                      6555.511399173661
95.49999999999999         5352.387363412598
95.60000000000001         4161.592650070714
95.69999999999999         2988.2518880918724
95.80000000000001         1837.216480917941
95.9                      713.038478929813
96                        -380.0517150106775
96.10000000000001         -1438.1648151805314
96.19999999999999         -2457.7698251562865
96.30000000000001         -3435.708741225839
96.4                      -4369.207999810101
96.5                      -5255.885619805716
96.60000000000001         -6093.75321188888
96.69999999999999         -6881.212659618758
96.80000000000001         -7617.048074193532
96.89999999999999         -8300.414261294796
97                        -8930.823146836898
97.10000000000001         -9508.129292105235
97.2                      -10032.51490847486
97.30000000000001         -10504.473952024988
97.39999999999999         -10924.794289848553
97.5                      -11294.536846358455
97.6                      -11615.011124444258
97.7                      -11887.747386975685
97.80000000000001         -12114.466743148527
97.9                      -12297.051037147055
98                        -12437.514518812204
98.1                      -12537.978738048128
98.2                      -12600.651133021567
98.3                      -12627.806726528537
98.4                      -12621.771582285108
98.5                      -12584.906463234147
98.6                      -12519.589524119292
98.7                      -12428.197683723001
98.8                      -12313.087233830625
98.9                      -12176.574909849258
99                        -12020.920842331489
99.10000000000001         -11848.31449216407
99.2                      -11660.864000920756
99.3                      -11460.588637207124
99.4                      -11249.413469538013
99.49999999999999         -11029.165222941881
99.60000000000001         -10801.568495127452
99.7                      -10568.2419826207
99.80000000000001         -10330.6948800289
99.9                      -10090.323962334713
99.99999999999999         -9848.411930329034
