0                         6.1941127901921795E-53
0.09999999999999999       -5.562207910464921E-41
0.19999999999999998       -4.408303299159687E-40
0.30000000000000004       6.010482890779609E-39
0.39999999999999997       -1.745308713412818E-38
0.5                       -1.915191553428551E-38
0.6000000000000001        1.6131643698759015E-37
0.7000000000000001        -1.933487540460323E-39
0.7999999999999999        -9.204704407534082E-37
0.8999999999999999        5.731664607283755E-38
1                         4.338319029288351E-36
1.1                       1.4427818618926788E-36
1.2000000000000002        -1.692268856694705E-35
1.3                       -1.719501576275039E-35
1.4000000000000001        4.812572147136977E-35
1.5                       1.0390974732121953E-34
1.5999999999999999        -5.854922545847003E-35
1.7                       -3.999807996940941E-34
1.7999999999999998        -2.7397249836622674E-34
1.9                       8.899435442813271E-34
2                         1.939222239702649E-33
2.0999999999999996        -3.174376251421101E-35
2.2                       -5.5496084343834426E-33
2.3                       -7.698746691459566E-33
2.4000000000000004        4.0555805875830904E-33
2.5                       2.66479354055206E-32
2.6                       2.94721559257735E-32
2.7                       -2.3966289980924764E-32
2.8000000000000003        -1.129922106136302E-31
2.9000000000000004        -1.1889494919062304E-31
3                         9.023279245317582E-32
3.1                       4.401228418690143E-31
3.1999999999999997        5.072249683148871E-31
3.3000000000000003        -2.1212859180149985E-31
3.4                       -1.5648531650499912E-30
3.5                       -2.1634706249659022E-30
3.5999999999999996        -6.544372445702695E-32
3.7                       4.880795688629551E-30
3.8                       8.653134845574338E-30
3.9                       4.119313111783318E-30
4                         -1.2160332855347383E-29
4.1000000000000005        -3.0754443506375204E-29
4.199999999999999         -2.8033523243654177E-29
4.3                       1.7063834730497462E-29
4.4                       9.162685544946393E-29
4.5                       1.289716286025296E-28
4.6                       3.825741124211521E-29
4.7                       -2.0403329103923567E-28
4.800000000000001         -4.536969487689923E-28
4.9                       -4.053292442357214E-28
5                         1.9684004481890315E-28
5.1000000000000005        1.1989722906832322E-27
5.2                       1.812942344702857E-27
5.3                       9.188977784470004E-28
5.4                       -1.958059384268181E-27
5.5                       -5.484929588493857E-27
5.6000000000000005        -6.3090479828658584E-27
5.699999999999999         -8.986709033543205E-28
5.800000000000001         1.0740114381796455E-26
5.9                       2.183239667199864E-26
6                         1.9976565260372273E-26
6.1                       -4.750832333352201E-27
6.2                       -4.7230432511678973E-26
6.300000000000001         -7.94824429210418E-26
6.3999999999999995        -5.957306518707637E-26
6.5                       3.790175490989602E-26
6.6000000000000005        1.8257255547876138E-25
6.7                       2.7204423788099736E-25
6.8                       1.7295291768430702E-25
6.9                       -1.7517354770304372E-25
7                         -6.439068300266375E-25
7.1000000000000005        -8.886939059410699E-25
7.199999999999999         -5.037628227264693E-25
7.300000000000001         6.482343202551978E-25
7.4                       2.1067713624017736E-24
7.499999999999999         2.786468996559244E-24
7.6                       1.4965977042008237E-24
7.699999999999999         -2.0701062458886766E-24
7.8                       -6.432646114429718E-24
7.9                       -8.363842325636568E-24
8                         -4.4947960402240655E-24
8.099999999999998         5.8624903255623255E-24
8.200000000000001         1.8317310422584446E-23
8.3                       2.3788349374838404E-23
8.399999999999999         1.316567048470549E-23
8.5                       -1.500032916633114E-23
8.6                       -4.8441817156406957E-23
8.700000000000001         -6.295910190067661E-23
8.8                       -3.541820580066148E-23
8.9                       3.621786907357818E-23
9                         1.1866081820875622E-22
9.1                       1.5063243356646245E-22
9.2                       7.854362544467888E-23
9.3                       -9.324524493099564E-23
9.4                       -2.7271799584437126E-22
9.499999999999998         -3.100260421466242E-22
9.600000000000001         -9.738286970848644E-23
9.700000000000001         3.0684806958297645E-22
9.8                       6.28053639680056E-22
9.9                       4.956677698156303E-22
10                        -2.6100864845902577E-22
10.100000000000001        -1.2965363583076469E-21
10.200000000000001        -1.6997914130933977E-21
10.299999999999999        -4.618089113852628E-22
10.4                      2.583396781888768E-21
10.5                      5.866745606888092E-21
10.6                      6.1271501566249886E-21
10.700000000000001        1.1572470036310614E-22
10.8                      -1.225405736140517E-20
10.9                      -2.5010047720901145E-20
11                        -2.6319579958028145E-20
11.1                      -4.164838339539239E-21
11.200000000000001        4.300714783039862E-20
11.3                      9.586885895442348E-20
11.399999999999999        1.131821704554641E-19
11.5                      4.861143206582912E-20
11.600000000000001        -1.1441518169132205E-19
11.7                      -3.24320515494567E-19
11.8                      -4.480986165687514E-19
11.9                      -3.134733464090732E-19
12                        1.8434939973001132E-19
12.100000000000001        9.463054290418681E-19
12.2                      1.5877767569394575E-18
12.3                      1.516078065234494E-18
12.4                      2.2637493477992008E-19
12.499999999999998        -2.247564292806633E-18
12.600000000000001        -4.9541111806424055E-18
12.700000000000001        -6.051450332507961E-18
12.799999999999999        -3.515085942884455E-18
12.9                      3.508608640823347E-18
13                        1.323128239872647E-17
13.100000000000001        2.061535582996255E-17
13.200000000000001        1.8669992885981855E-17
13.299999999999999        2.0463790670353455E-18
13.4                      -2.802838140664315E-17
13.5                      -6.002910031796997E-17
13.6                      -7.303953682082091E-17
13.700000000000001        -4.477832554835629E-17
13.8                      3.4015210001309406E-17
13.899999999999999        1.4443976127275E-16
14                        2.333145609116692E-16
14.1                      2.2612662845546296E-16
14.200000000000001        6.278212904926702E-17
14.3                      -2.528902443367592E-16
14.399999999999999        -6.1380307821051565E-16
14.5                      -8.128101152658083E-16
14.600000000000001        -6.133579746238589E-16
14.7                      1.1575872262292404E-16
14.8                      1.2483853753268856E-15
14.9                      2.3186043761776355E-15
14.999999999999998        2.6036886448292504E-15
15.100000000000001        1.421609829706523E-15
15.2                      -1.413299976995672E-15
15.299999999999999        -5.166238557416809E-15
15.399999999999999        -8.073157899718612E-15
15.5                      -7.804561038059823E-15
15.6                      -2.5581228380978845E-15
15.7                      7.51655351650408E-15
15.8                      1.9234435161077502E-14
15.9                      2.6491320150925277E-14
16                        2.2210935633909416E-14
16.1                      2.0172567471058703E-15
16.199999999999996        -3.156538608189927E-14
16.3                      -6.657766829693762E-14
16.400000000000002        -8.320606744040143E-14
16.499999999999996        -6.088637733880251E-14
16.6                      1.0108672025502532E-14
16.7                      1.1682657688160313E-13
16.799999999999997        2.1825392444045657E-13
16.900000000000002        2.5308276458263924E-13
17                        1.6342273519145144E-13
17.1                      -7.032602094950987E-14
17.2                      -3.971519018311729E-13
17.3                      -6.853013438328232E-13
17.400000000000002        -7.519818133864836E-13
17.5                      -4.376048792182485E-13
17.6                      2.9305995810444663E-13
17.7                      1.264621644593226E-12
17.8                      2.0750679496927787E-12
17.900000000000002        2.1954920955571394E-12
18                        1.191136480548216E-12
18.099999999999998        -9.938221438854833E-13
18.2                      -3.809122618794882E-12
18.3                      -6.0805102140299295E-12
18.4                      -6.316438206840654E-12
18.5                      -3.3388119197464126E-12
18.6                      2.9354465073804136E-12
18.699999999999996        1.0900318078056742E-11
18.8                      1.725885626015298E-11
18.900000000000002        1.7903938674057422E-11
18.999999999999996        9.6506472899122E-12
19.1                      -7.668572169035459E-12
19.200000000000003        -2.965502357807744E-11
19.299999999999997        -4.7397278098351864E-11
19.400000000000002        -4.98548827669448E-11
19.5                      -2.844675539765118E-11
19.6                      1.7461811590620834E-11
19.700000000000003        7.6533365382397E-11
19.8                      1.2558806600504827E-10
19.900000000000002        1.3570858462580434E-10
20                        8.396143210514975E-11
20.1                      -3.258430151698523E-11
20.200000000000003        -1.8646210264471745E-10
20.299999999999997        -3.197510589017188E-10
20.400000000000002        -3.588842308463977E-10
20.5                      -2.434983796852089E-10
20.599999999999998        3.871366989413494E-11
20.700000000000003        4.2550234721009387E-10
20.8                      7.782209785004383E-10
20.9                      9.158013497622088E-10
21                        6.830450573600686E-10
21.1                      3.466418341854931E-11
21.2                      -8.98509198737674E-10
21.3                      -1.7996574420758963E-9
21.400000000000002        -2.239491518016603E-9
21.499999999999996        -1.8313780798303129E-9
21.6                      -4.271967352693522E-10
21.700000000000003        1.7217810656815227E-9
21.8                      3.9271519856472375E-9
21.900000000000002        5.212758973529479E-9
22                        4.652103022924107E-9
22.1                      1.8079851798966627E-9
22.2                      -2.889927734820357E-9
22.3                      -8.02470536303031E-9
22.400000000000002        -1.1475767440815611E-8
22.499999999999996        -1.1120490579990397E-8
22.6                      -5.782069830632421E-9
22.700000000000003        3.919459801575853E-9
22.799999999999997        1.5229517187471463E-8
22.900000000000002        2.37596548743308E-8
23                        2.488204143025312E-8
23.099999999999998        1.5689099952605394E-8
23.200000000000003        -3.17160228228768E-9
23.3                      -2.6644108185408737E-8
23.4                      -4.6083948893960956E-8
23.5                      -5.191389175993907E-8
23.6                      -3.7510658368886456E-8
23.7                      -2.982852106287563E-9
23.8                      4.286072483844613E-8
23.900000000000002        8.376386194024894E-8
24                        1.0090174994731788E-7
24.1                      8.030343848671395E-8
24.200000000000003        2.029139221493532E-8
24.3                      -6.433006259075162E-8
24.4                      -1.4410775574190858E-7
24.5                      -1.8369078103241164E-7
24.6                      -1.5558868765762146E-7
24.7                      -5.427189967055567E-8
24.8                      9.550573059531974E-8
24.900000000000002        2.414237692898453E-7
24.999999999999996        3.1917590730693277E-7
25.1                      2.7753826217816817E-7
25.200000000000003        1.0441443663986844E-7
25.299999999999997        -1.574156949944863E-7
25.400000000000002        -4.146242186074374E-7
25.5                      -5.512737265801599E-7
25.599999999999998        -4.7437756593278894E-7
25.700000000000003        -1.6163652600302892E-7
25.8                      3.0927004298928817E-7
25.9                      7.679048102911201E-7
26                        1.0016258009054025E-6
26.1                      8.389860851346311E-7
26.200000000000003        2.3812306506093102E-7
26.299999999999997        -6.575332903568998E-7
26.400000000000002        -1.5298426754541647E-6
26.5                      -1.9765864151994803E-6
26.599999999999998        -1.6647352181604107E-6
26.700000000000003        -4.969860331129529E-7
26.8                      1.2769259744232247E-6
26.9                      3.067365518405408E-6
27                        4.099892978147467E-6
27.1                      3.692730112257033E-6
27.2                      1.572459308042353E-6
27.3                      -1.8943567134818093E-6
27.400000000000002        -5.672657915313553E-6
27.499999999999996        -8.298885134666855E-6
27.6                      -8.360942118522647E-6
27.700000000000003        -5.08427239117808E-6
27.799999999999997        1.1859941801873718E-6
27.900000000000002        8.826165386390543E-6
28                        1.5240994856669721E-5
28.099999999999998        1.7627847693758374E-5
28.2                      1.4007207107256915E-5
28.3                      4.181372498764441E-6
28.400000000000002        -9.763957667566999E-6
28.499999999999996        -2.3708191898966797E-5
28.6                      -3.256306563955297E-5
28.700000000000003        -3.19311756822867E-5
28.799999999999997        -1.9860303344358834E-5
28.900000000000002        1.934896517254689E-6
29                        2.793489098296432E-5
29.099999999999998        5.001598618910324E-5
29.200000000000003        5.980282676790774E-5
29.3                      5.1537125745828536E-5
29.4                      2.4535735025026922E-5
29.5                      -1.5692111346232854E-5
29.6                      -5.8269648308224746E-5
29.7                      -8.973069326379148E-5
29.8                      -9.808619611821681E-5
29.900000000000002        -7.698125258909484E-5
29.999999999999996        -2.8559725488804478E-5
30.1                      3.6077833565618765E-5
30.200000000000003        9.925892254187527E-5
30.299999999999997        1.4150603652583873E-4
30.4                      1.473964158790135E-4
30.5                      1.1075026298157195E-4
30.599999999999998        3.74495043101938E-5
30.7                      -5.518710387567025E-5
30.799999999999997        -1.425368601660314E-4
30.9                      -1.9929140713283842E-4
31                        -2.0672125819656955E-4
31.099999999999998        -1.5847057044758E-4
31.2                      -6.312864767153202E-5
31.3                      5.727835399691471E-5
31.4                      1.725742081456016E-4
31.5                      2.521281394272672E-4
31.6                      2.729218145446257E-4
31.7                      2.2585988942539647E-4
31.8                      1.1867761302945263E-4
31.900000000000002        -2.531459838809599E-5
32                        -1.7237802881507245E-4
32.1                      -2.8619848734831967E-4
32.2                      -3.366562275769715E-4
32.300000000000004        -3.0752043079183974E-4
32.39999999999999         -2.0126801720920045E-4
32.5                      -3.975519677287441E-5
32.6                      1.3974477386252668E-4
32.7                      2.926719564437262E-4
32.800000000000004        3.78009740822469E-4
32.9                      3.694654516333065E-4
32.99999999999999         2.6413123783878374E-4
33.1                      8.585288199010471E-5
33.2                      -1.1856194849248069E-4
33.300000000000004        -2.904637738727084E-4
33.4                      -3.7577808689219245E-4
33.5                      -3.425781624175643E-4
33.599999999999994        -1.9440687823150547E-4
33.699999999999996        2.5810680148242487E-5
33.800000000000004        2.443545628109223E-4
33.9                      3.772891708089354E-4
34                        3.583186782637359E-4
34.1                      1.6574781977026987E-4
34.2                      -1.6093878261106055E-4
34.3                      -5.226416900261488E-4
34.4                      -7.83370119745884E-4
34.5                      -8.104601551697757E-4
34.6                      -5.219891997564458E-4
34.7                      7.32174213327358E-5
34.800000000000004        8.577261273798736E-4
34.89999999999999         0.001619791282642842
35                        0.002101078805622921
35.1                      0.00206863180960712
35.2                      0.0013928522736347565
35.300000000000004        1.0867255278654782E-4
35.4                      -0.0015611405284754513
35.49999999999999         -0.0032333353038166224
35.6                      -0.004442018207450356
35.7                      -0.0047525464149228485
35.800000000000004        -0.0038853336503478766
35.9                      -0.0018177284365659078
36                        0.0011656820605724146
36.099999999999994        0.0044940002018323995
36.199999999999996        0.007406123354909725
36.300000000000004        0.009108027809954615
36.4                      0.00896110938076269
36.5                      0.00666086715504137
36.6                      0.002362785868072967
36.7                      -0.003280903529783841
36.8                      -0.009194438512492034
36.9                      -0.0140607230064624
37                        -0.016586984967724105
37.1                      -0.01580586827999606
37.2                      -0.011348577097024944
37.300000000000004        -0.003623085760458551
37.39999999999999         0.006158454675984447
37.5                      0.016132949999034578
37.6                      0.024112514272534386
37.7                      0.028033742701088698
37.800000000000004        0.02644334966781507
37.9                      0.018911762005130426
37.99999999999999         0.006267937278519908
38.099999999999994        -0.009423116303760349
38.2                      -0.025167285046155587
38.300000000000004        -0.037595443674777136
38.400000000000006        -0.043664561652269625
38.5                      -0.041360561185900556
38.599999999999994        -0.030243241991442956
38.699999999999996        -0.011696045497448493
38.800000000000004        0.011200013208569512
38.900000000000006        0.03416977712720797
39                        0.05254215750584949
39.1                      0.06219082523717948
39.2                      0.06042614114369664
39.3                      0.04664830887223603
39.400000000000006        0.022613508743387342
39.5                      -0.007761349551204177
39.6                      -0.03903867855837217
39.7                      -0.06523867878180555
39.800000000000004        -0.08097871883045177
39.9                      -0.08255749032690121
40                        -0.06876939556288689
40.1                      -0.04127718151963827
40.2                      -0.004447984182327922
40.300000000000004        0.03534293442356949
40.400000000000006        0.0708326632329045
40.49999999999999         0.09521822939154755
40.599999999999994        0.10347847260402529
40.7                      0.09340873062632836
40.800000000000004        0.06615078971620253
40.900000000000006        0.02609191847679741
41                        -0.01987048317839226
41.1                      -0.06357259486760722
41.199999999999996        -0.09710196259969144
41.300000000000004        -0.11429293531539213
41.400000000000006        -0.11190264802596524
41.5                      -0.09023273594052937
41.6                      -0.0530740476896757
41.7                      -0.006988767088467637
41.8                      0.03992356793455249
41.9                      0.07953066729637726
42                        0.10515067099840919
42.1                      0.11273455201155522
42.2                      0.10153423421065848
42.300000000000004        0.07414585463855183
42.4                      0.035936199363939714
42.49999999999999         -0.006027242888550933
42.6                      -0.04433448407131591
42.7                      -0.072621634118041
42.800000000000004        -0.08672745973211984
42.900000000000006        -0.08539726065907244
42.99999999999999         -0.07039655522355943
43.099999999999994        -0.04600993353165082
43.2                      -0.01802477220713859
43.300000000000004        0.007588243873850849
43.400000000000006        0.026010956822716872
43.5                      0.03462683881151252
43.6                      0.03353329873224622
43.699999999999996        0.025384103148200277
43.800000000000004        0.014586820922058426
43.900000000000006        0.00604232336675355
44                        0.0037374715404155283
44.1                      0.00955251770604393
44.2                      0.02260336117997923
44.3                      0.03931191307767887
44.4                      0.05421581197229526
44.5                      0.061338352260466925
44.6                      0.05579089399564567
44.7                      0.03521251008890903
44.800000000000004        6.826139089563723E-4
44.9                      -0.0431370131936511
44.99999999999999         -0.0886956360853165
45.1                      -0.12695520726364334
45.2                      -0.1492129588172364
45.300000000000004        -0.14896410371532007
45.400000000000006        -0.12341339950185688
45.49999999999999         -0.07431449103862559
45.599999999999994        -0.007948297387331424
45.7                      0.0657817762498666
45.800000000000004        0.1349905545371092
45.900000000000006        0.1878974454395189
46                        0.21497577529529552
46.1                      0.2107577236447942
46.199999999999996        0.17493800984829488
46.3                      0.1125412695230669
46.400000000000006        0.033093620410163824
46.5                      -0.051062529620136576
46.6                      -0.126990189529624
46.7                      -0.18347401660780674
46.8                      -0.21295987958458207
46.9                      -0.21272346196082587
47                        -0.18504401964383466
47.1                      -0.13638502939772815
47.2                      -0.07580889836387211
47.300000000000004        -0.013020428991517213
47.4                      0.0435000120900836
47.49999999999999         0.08786357235445526
47.6                      0.11738162996552565
47.7                      0.13236538159895694
47.800000000000004        0.13527155400817042
47.900000000000006        0.12949884317816962
48                        0.11819663409489084
48.099999999999994        0.10340451499465869
48.2                      0.08571852243630929
48.300000000000004        0.06451796178879267
48.400000000000006        0.03863133893686166
48.5                      0.007210567878873999
48.6                      -0.02945820804234494
48.699999999999996        -0.06944832043810278
48.8                      -0.10914444478689342
48.900000000000006        -0.1436869861388056
49                        -0.16782095082539888
49.1                      -0.17696191732019678
49.2                      -0.1682350377112659
49.3                      -0.14124010783715174
49.4                      -0.0983481594558966
49.5                      -0.044434075472530546
49.6                      0.013923337385018685
49.7                      0.06961457017535647
49.800000000000004        0.11628882348689107
49.900000000000006        0.1494622219956631
49.99999999999999         0.16718086178136402
50.1                      0.17007968199656437
50.2                      0.16083185704814362
50.300000000000004        0.143146410432631
50.400000000000006        0.12059813250312884
50.5                      0.09562488656024394
50.599999999999994        0.068984181683825
50.699999999999996        0.039831881672035
50.800000000000004        0.0064056502749808885
50.900000000000006        -0.0328847229395874
51                        -0.078286209740199
51.1                      -0.12781486693110305
51.199999999999996        -0.1769517755881972
51.3                      -0.21907353724516887
51.400000000000006        -0.24657428901623124
51.5                      -0.2524492340454191
51.6                      -0.23197819540303455
51.7                      -0.18410432796925988
51.8                      -0.11215749498457378
51.9                      -0.023709931112930824
52                        0.07045891790122594
52.1                      0.15811372680469457
52.2                      0.22769311106157125
52.300000000000004        0.27038721029326057
52.400000000000006        0.2817300926509435
52.49999999999999         0.2623652097607139
52.599999999999994        0.21781000854575572
52.7                      0.15725672239238986
52.800000000000004        0.09165543596290252
52.900000000000006        0.031485603440750756
53                        -0.015305284782093125
53.099999999999994        -0.044752076576442056
53.199999999999996        -0.057404418680414744
53.300000000000004        -0.05784226623912933
53.400000000000006        -0.053304986220177014
53.5                      -0.05176070105288417
53.6                      -0.05985909747239141
53.699999999999996        -0.08122332324045203
53.8                      -0.11544726810247491
53.900000000000006        -0.15800051725719538
54                        -0.20104668216422922
54.1                      -0.23499604981850788
54.2                      -0.2504758464276011
54.3                      -0.24033071011782642
54.4                      -0.20126634458529
54.5                      -0.13481357152192044
54.6                      -0.04740513214574711
54.7                      0.05049161201394563
54.800000000000004        0.1460738839140575
54.900000000000006        0.2264570978915199
54.99999999999999         0.2810720162603976
55.099999999999994        0.303725410264515
55.2                      0.2938676573496705
55.300000000000004        0.2567403089442406
55.400000000000006        0.2023002160597058
55.5                      0.1430923240430234
55.599999999999994        0.09150514975568723
55.699999999999996        0.057018690528171656
55.800000000000004        0.044087183902609656
55.900000000000006        0.05116814942599451
56                        0.07114075286304077
56.1                      0.09301915317603332
56.199999999999996        0.10455123314006576
56.3                      0.09508574686034509
56.4                      0.058045067999950115
56.5                      -0.007538112293471217
56.6                      -0.09671582605079398
56.7                      -0.19955032026719827
56.800000000000004        -0.3030007752309322
56.9                      -0.39332469422608873
56.99999999999999         -0.45848837742076254
57.1                      -0.4901323444030298
57.2                      -0.4847668031915493
57.300000000000004        -0.44403826986001216
57.400000000000006        -0.37407653084106907
57.49999999999999         -0.28407977373171506
57.599999999999994        -0.18441434137632798
57.7                      -0.08458702476546434
57.800000000000004        0.00851849616394594
57.900000000000006        0.09177822184838075
58                        0.16607753287336627
58.099999999999994        0.23558861819267574
58.199999999999996        0.3062099640464348
58.300000000000004        0.3835171815407484
58.400000000000006        0.47072251100452916
58.5                      0.5671682593379848
58.6                      0.6677648842305666
58.699999999999996        0.763549520028169
58.8                      0.8432494962596403
58.9                      0.8954745462773892
59                        0.911010493382145
59.1                      0.8846897419614921
59.2                      0.8164612636864437
59.300000000000004        0.7115179415034224
59.4                      0.5795792725991904
59.49999999999999         0.4335961581826149
59.6                      0.288200630712126
59.7                      0.1581740501636524
59.800000000000004        0.0571003656942187
59.900000000000006        -0.0037298272821293735
59.99999999999999         -0.01614460214483771
60.099999999999994        0.024395034165302504
60.2                      0.11868930251443159
60.300000000000004        0.2642372897473465
60.400000000000006        0.4563195597442874
60.5                      0.6897030162128787
60.599999999999994        0.9607582239446357
60.699999999999996        1.2695974777582792
60.8                      1.6217465101003352
60.900000000000006        2.0289130052368063
61                        2.508619148343461
61.099999999999994        3.082771381889051
61.199999999999996        3.7755522689302614
61.3                      4.611231527484254
61.4                      5.6125314130644215
61.49999999999999         6.800030888152591
61.599999999999994        8.192804041081295
61.699999999999996        9.810157398039054
61.8                      11.674063619082599
61.9                      13.811761651608851
62                        16.25802742712209
62.10000000000001         19.056779855221095
62.199999999999996        22.26190294983435
62.3                      25.937360792359005
62.4                      30.156807334973973
62.5                      35.00293744571569
62.6                      40.566813726882714
62.7                      46.94737458866219
62.8                      54.25131177180578
62.9                      62.59350267541358
63                        72.09817122854986
63.1                      82.90089769212253
63.2                      95.15148343946376
63.300000000000004        109.01751400137445
63.4                      124.68829933258876
63.5                      142.37876947415768
63.6                      162.3329215187117
63.7                      184.8265668482877
63.800000000000004        210.1693805218307
63.900000000000006        238.70652737925872
64                        270.8203352032797
64.1                      306.932528208212
64.2                      347.50740027345546
64.3                      393.0560362737647
64.4                      444.14137094673083
64.5                      501.38361341313873
64.60000000000001         565.4654432104517
64.7                      637.1364281897827
64.79999999999998         717.2162921081419
64.9                      806.5968921228715
65                        906.2429650271652
65.10000000000001         1017.1918023960181
65.2                      1140.5520026929635
65.29999999999998         1277.5013544044944
65.4                      1429.283787316833
65.5                      1597.2052447760693
65.60000000000001         1782.6283044373176
65.7                      1986.9653959778639
65.8                      2211.6704910141216
65.9                      2458.2291303003994
65.99999999999999         2728.146588701855
66.10000000000001         3022.933882342315
66.2                      3344.091252758361
66.3                      3693.0887883379964
66.4                      4071.344009307597
66.5                      4480.196544583748
66.60000000000001         4920.880404869466
66.69999999999999         5394.494703815426
66.8                      5901.97389050523
66.9                      6444.058560720516
67                        7021.267705464137
67.10000000000001         7633.872897833006
67.19999999999999         8281.874527928647
67.3                      8964.979894513028
67.39999999999999         9682.582843239048
67.5                      10433.744733446163
67.60000000000001         11217.17677834853
67.7                      12031.224145262122
67.8                      12873.852514390412
67.89999999999999         13742.637987026175
68                        14634.761262232214
68.10000000000001         15547.006872644022
68.2                      16475.768033292745
68.3                      17417.05737902154
68.4                      18366.523607766834
68.5                      19319.473849154027
68.6                      20270.90145495842
68.7                      21215.5188529996
68.8                      22147.795099665218
68.9                      23061.997784867
69                        23952.23896346885
69.1                      24812.524787351376
69.2                      25636.808473414043
69.3                      26419.046152626175
69.4                      27153.25500383613
69.5                      27833.572901715244
69.60000000000001         28454.318637858756
69.7                      29010.051655576684
69.79999999999998         29495.63021569943
69.9                      29906.26700337045
70                        30237.581379104355
70.10000000000001         30485.647719558026
70.2                      30647.039510778257
70.29999999999998         30718.868979477673
70.4                      30698.822038355604
70.49999999999999         30585.18819183454
70.60000000000001         30376.884860570863
70.7                      30073.475427666122
70.8                      29675.180273373167
70.9                      29182.8801971921
70.99999999999999         28598.111917675946
71.10000000000001         27923.055726098093
71.2                      27160.51575285718
71.3                      26313.89359049568
71.4                      25387.15614618384
71.5                      24384.798565436337
71.60000000000001         23311.80292425623
71.69999999999999         22173.59320336147
71.8                      20975.986907504765
71.9                      19725.143619050526
72                        18427.510784012946
72.10000000000001         17089.767096949836
72.19999999999999         15718.763944413058
72.3                      14321.465460832733
72.39999999999999         12904.887841204676
72.5                      11476.038652027964
72.60000000000001         10041.856994679029
72.7                      8609.155494207049
72.8                      7184.565175554033
72.89999999999999         5774.484294941742
73                        4385.032068370619
73.10000000000001         3022.0079659115286
73.2                      1690.8568539908526
73.3                      396.63985035725557
73.4                      -855.9895860654872
73.5                      -2062.804983613175
73.6                      -3220.0222240959833
73.7                      -4324.311350143897
73.8                      -5372.804905647731
73.9                      -6363.10260993679
74                        -7293.271995182735
74.1                      -8161.844634019688
74.2                      -8967.807733570653
74.29999999999998         -9710.591104682626
74.4                      -10390.049746217159
74.5                      -11006.442451225628
74.60000000000001         -11560.406929741259
74.7                      -12052.931983873023
74.79999999999998         -12485.327319225
74.9                      -12859.191671851015
75                        -13176.380066917933
75.10000000000001         -13438.971147527856
75.2                      -13649.235533800702
75.29999999999998         -13809.606019720437
75.4                      -13922.650069978139
75.49999999999999         -13991.044600937297
75.60000000000001         -14017.55254688699
75.7                      -14005.000379062902
75.8                      -13956.255682494635
75.9                      -13874.204143760231
75.99999999999999         -13761.725796404433
76.10000000000001         -13621.67095963773
76.19999999999999         -13456.836805449559
76.3                      -13269.945745496943
76.4                      -13063.62677104376
76.5                      -12840.400538620712
76.60000000000001         -12602.66848697269
76.69999999999999         -12352.70575004957
76.80000000000001         -12092.657230411758
76.9                      -11824.535991928129
77                        -11550.223122579373
77.10000000000001         -11271.468355293862
77.19999999999999         -10989.890944278482
77.30000000000001         -10706.980516311454
77.39999999999999         -10424.097820701802
77.5                      -10142.475483123573
77.60000000000001         -9863.219028337424
77.7                      -9587.30856215596
77.80000000000001         -9315.601560836913
77.89999999999999         -9048.837165482051
78                        -8787.642197036992
78.1                      -8532.538813900032
78.2                      -8283.953399486585
78.30000000000001         -8042.225995624546
78.4                      -7807.619489296663
78.5                      -7580.327867233325
78.6                      -7360.483151440849
78.7                      -7148.161021313945
78.80000000000001         -6943.385477721466
78.9                      -6746.133089635455
79                        -6556.3373284782265
79.1                      -6373.893273198322
79.2                      -6198.662669271147
79.3                      -6030.479083749558
79.4                      -5869.1528190506715
79.5                      -5714.475353417428
79.60000000000001         -5566.223299039261
79.7                      -5424.1620843655855
79.8                      -5288.049651357196
79.9                      -5157.6403498636555
80                        -5032.688944607286
80.10000000000001         -4912.954345461286
80.2                      -4798.202482553502
80.30000000000001         -4688.207790827592
80.4                      -4582.753065595993
80.49999999999999         -4481.627909844002
80.60000000000001         -4384.626443207068
80.7                      -4291.545198250212
80.80000000000001         -4202.1820757106325
80.9                      -4116.336869907302
80.99999999999999         -4033.813333992445
81.10000000000001         -3954.422230853219
81.19999999999999         -3877.984500992406
81.30000000000001         -3804.3336808056865
81.4                      -3733.317004297389
81.5                      -3664.7950848840255
81.60000000000001         -3598.640512736353
81.69999999999999         -3534.7359535421747
81.80000000000001         -3472.972324784577
81.89999999999999         -3413.2473995846062
82                        -3355.4648782041127
82.10000000000001         -3299.5337290898833
82.2                      -3245.3675413005
82.30000000000001         -3192.8837585679557
82.39999999999999         -3142.0028954279387
82.5                      -3092.6480289812953
82.60000000000001         -3044.7448939179276
82.7                      -2998.222739172794
82.80000000000001         -2953.0157900407776
82.89999999999999         -2909.0648367765893
83                        -2866.318294665442
83.1                      -2824.732153128777
83.2                      -2784.268552075112
83.30000000000001         -2744.8931845311367
83.4                      -2706.5721524755204
83.5                      -2669.2691304538207
83.6                      -2632.9436268175773
83.7                      -2597.550796164518
83.8                      -2563.0427733558017
83.9                      -2529.3710460587768
84                        -2496.489116730193
84.10000000000001         -2464.3547044171733
84.2                      -2432.9309753093776
84.3                      -2402.1866566042536
84.4                      -2372.095235428415
84.5                      -2342.633655441968
84.60000000000001         -2313.7809518103036
84.7                      -2285.5171441727657
84.8                      -2257.822524474091
84.9                      -2230.6773260616355
84.99999999999999         -2204.061698402952
85.10000000000001         -2177.9559347808126
85.2                      -2152.3409552955823
85.30000000000001         -2127.199066003976
85.4                      -2102.514954113306
85.49999999999999         -2078.276748169654
85.60000000000001         -2054.4768321001266
85.7                      -2031.112037336753
85.80000000000001         -2008.1829137967911
85.9                      -1985.6920084965238
85.99999999999999         -1963.6414015353578
86.10000000000001         -1942.0300531175362
86.19999999999999         -1920.851682194323
86.30000000000001         -1900.093845803338
86.4                      -1879.738610731677
86.5                      -1859.7647793953581
86.60000000000001         -1840.1511807722727
86.69999999999999         -1820.8802075768558
86.80000000000001         -1801.9406777055617
86.89999999999999         -1783.3292539586857
87                        -1765.0500230838486
87.10000000000001         -1747.112303898779
87.2                      -1729.5271918759736
87.30000000000001         -1712.3036396876976
87.39999999999999         -1695.4449549142576
87.5                      -1678.9464641506402
87.60000000000001         -1662.7947979568694
87.7                      -1646.9688773156927
87.80000000000001         -1631.442320678163
87.89999999999999         -1616.1867179047983
88                        -1601.1750817228353
88.1                      -1586.3848036852587
88.2                      -1571.7995935670447
88.30000000000001         -1557.4101270103256
88.4                      -1543.2134083140763
88.5                      -1529.2111111724994
88.6                      -1515.4073358337928
88.7                      -1501.8062834228008
88.8                      -1488.4102935950023
88.9                      -1475.218547709106
89                        -1462.2265562139614
89.10000000000001         -1449.4263816671973
89.2                      -1436.807439867846
89.3                      -1424.3576849181186
89.4                      -1412.06500216234
89.5                      -1399.9186675455528
89.60000000000001         -1387.9107442484565
89.7                      -1376.0372598619801
89.8                      -1364.298955510965
89.9                      -1352.701366884026
89.99999999999999         -1341.254039053243
90.10000000000001         -1329.9688244744136
90.2                      -1318.857453746178
90.30000000000001         -1307.9288367720774
90.4                      -1297.1867482061616
90.49999999999999         -1286.6285777526818
90.60000000000001         -1276.2456305094079
90.69999999999999         -1266.025069032921
90.80000000000001         -1255.9531015696173
90.9                      -1246.0185961711188
90.99999999999999         -1236.2160928787625
91.10000000000001         -1226.5472899639647
91.19999999999999         -1217.0204875926727
91.30000000000001         -1207.6480678030948
91.4                      -1198.4426849428385
91.5                      -1189.4132386199296
91.60000000000001         -1180.561766588769
91.69999999999999         -1171.8821045644534
91.80000000000001         -1163.3606122499857
91.89999999999999         -1154.9786452290698
92                        -1146.7159661280518
92.10000000000001         -1138.5540873321088
92.2                      -1130.4786675361154
92.30000000000001         -1122.4804742984275
92.39999999999999         -1114.5549187308943
92.5                      -1106.700588681307
92.6                      -1098.9174205296765
92.7                      -1091.2051146881663
92.80000000000001         -1083.5621709113148
92.89999999999999         -1075.9856166416246
93                        -1068.471254825255
93.1                      -1061.0141526800448
93.2                      -1053.6091407938104
93.30000000000001         -1046.2512334592745
93.4                      -1038.9360220447618
93.5                      -1031.6601523696143
93.6                      -1024.4219452262323
93.7                      -1017.2220905438987
93.8                      -1010.064218041966
93.9                      -1002.9551010006131
94                        -995.9043258001573
94.10000000000001         -988.9234364172189
94.2                      -982.0247635917207
94.3                      -975.2202768940219
94.4                      -968.5207855549006
94.5                      -961.9356547428865
94.60000000000001         -955.4729623835175
94.7                      -949.1398064568447
94.8                      -942.9423887134838
94.9                      -936.8855989408651
94.99999999999999         -930.9720739906373
95.10000000000001         -925.201004350949
95.2                      -919.5671737484372
95.30000000000001         -914.0607373370215
95.4                      -908.6680418088205
95.49999999999999         -903.3734315667451
95.60000000000001         -898.1616063195256
95.69999999999999         -893.0198513571562
95.80000000000001         -887.9394588596738
95.9                      -882.9159092559888
96                        -877.947796221607
96.10000000000001         -873.0349004033022
96.19999999999999         -868.176084296862
96.30000000000001         -863.3676940908782
96.4                      -858.6029154707785
96.5                      -853.8721410312511
96.60000000000001         -849.1640262126177
96.69999999999999         -844.466689826774
96.80000000000001         -839.7685367307166
96.89999999999999         -835.0584259601471
97                        -830.3252686342292
97.10000000000001         -825.5574620798458
97.2                      -820.7427131442324
97.30000000000001         -815.8687087188675
97.39999999999999         -810.9247842392676
97.5                      -805.9043323881991
97.6                      -800.8073341859001
97.7                      -795.6422166312341
97.80000000000001         -790.4263164384824
97.9                      -785.1845459187668
98                        -779.9463263756351
98.1                      -774.7413427933573
98.2                      -769.5950428254089
98.3                      -764.5249480115276
98.4                      -759.5387188432464
98.5                      -754.63453806655
98.6                      -749.8038302410367
98.7                      -745.0357460971109
98.8                      -740.3223523951866
98.9                      -735.6632141402375
99                        -731.0681230758582
99.10000000000001         -726.5571273631399
99.2                      -722.1576761768264
99.3                      -717.8994517940517
99.4                      -713.8081150864542
99.49999999999999         -709.8995411530261
99.60000000000001         -706.1760451679464
99.7                      -702.6255905960518
99.80000000000001         -699.2241643336527
99.9                      -695.9406314115718
99.99999999999999         -692.7427131918172
