0                         8.844202263935993E-55
0.09999999999999999       -3.1303269728462546E-42
0.19999999999999998       -6.345577943872126E-42
0.30000000000000004       2.125239794156427E-40
0.39999999999999997       -8.497730882008777E-40
0.5                       -4.102638817199088E-41
0.6000000000000001        7.141931263460961E-39
0.7000000000000001        -6.786788323093928E-39
0.7999999999999999        -4.0036601694757037E-38
0.8999999999999999        4.52525970310144E-38
1                         2.039888613692983E-37
1.1                       -1.5423472946505544E-37
1.2000000000000002        -9.572861254434991E-37
1.3                       6.160034082494647E-38
1.4000000000000001        3.7781011053961864E-36
1.5                       2.9139868396114584E-36
1.5999999999999999        -1.0821514724656243E-35
1.7                       -2.1013703292227327E-35
1.7999999999999998        1.3366850556809112E-35
1.9                       8.36893497529841E-35
2                         5.907667367045855E-35
2.0999999999999996        -1.8390086035789002E-34
2.2                       -4.196384770259865E-34
2.3                       -2.3884176729563648E-35
2.4000000000000004        1.1844517183889639E-33
2.5                       1.758254124230144E-33
2.6                       -7.507447076115755E-34
2.7                       -5.958151207433286E-33
2.8000000000000003        -6.990414911818651E-33
2.9000000000000004        5.145696527446343E-33
3                         2.6435787480175847E-32
3.1                       2.8501288989156514E-32
3.1999999999999997        -2.203615750366619E-32
3.3000000000000003        -1.078260650039028E-31
3.4                       -1.2158117621305876E-31
3.5                       6.521722424009018E-32
3.5999999999999996        4.057932436242661E-31
3.7                       5.253707645084546E-31
3.8                       -7.907518356079158E-32
3.9                       -1.3783360252656184E-30
4                         -2.1851202908339226E-30
4.1000000000000005        -5.824513768180369E-31
4.199999999999999         4.011108875222181E-30
4.3                       8.348951545718914E-30
4.4                       5.6282395195619365E-30
4.5                       -8.753089561573546E-30
4.6                       -2.805610005527167E-29
4.7                       -3.0761051666886246E-29
4.800000000000001         6.263723628508967E-30
4.9                       7.80520253280642E-29
5                         1.2739664993458365E-28
5.1000000000000005        6.374082404889695E-29
5.2                       -1.5490969745580743E-28
5.3                       -4.169942852428995E-28
5.4                       -4.376451503707381E-28
5.5                       6.644883125146307E-29
5.6000000000000005        1.0286226394451568E-27
5.699999999999999         1.759482986186377E-27
5.800000000000001         1.1462420248695423E-27
5.9                       -1.4575490138605458E-27
6                         -5.025621571658475E-27
6.1                       -6.4150377752226474E-27
6.2                       -1.8938820479766623E-27
6.300000000000001         9.243783958376228E-27
6.3999999999999995        2.1048388752206946E-26
6.5                       2.1208586846438673E-26
6.6000000000000005        -1.5222522100587619E-27
6.7                       -4.431886217297653E-26
6.8                       -8.047302165051568E-26
6.9                       -6.582786512243113E-26
7                         3.1025994637270754E-26
7.1000000000000005        1.8513562353309485E-25
7.199999999999999         2.9086852147074813E-25
7.300000000000001         1.978529079709082E-25
7.4                       -1.7747309251288846E-25
7.499999999999999         -7.11193645732165E-25
7.6                       -1.0157349724970355E-24
7.699999999999999         -5.934535422301565E-25
7.8                       7.74246729054777E-25
7.9                       2.581191503197779E-24
8                         3.472602343159889E-24
8.099999999999998         1.8239781387154576E-24
8.200000000000001         -2.9497213755411054E-24
8.3                       -8.987420768271729E-24
8.399999999999999         -1.1708210715427378E-23
8.5                       -5.835818786440356E-24
8.6                       1.0300163934783886E-23
8.700000000000001         3.030850302301465E-23
8.8                       3.9066758039299056E-23
8.9                       1.9451455666889445E-23
9                         -3.376010663818927E-23
9.1                       -9.967372054584652E-23
9.2                       -1.2925164497435732E-22
9.3                       -6.686009877667613E-23
9.4                       1.0532288565326165E-22
9.499999999999998         3.215724055064897E-22
9.600000000000001         4.249793536320881E-22
9.700000000000001         2.3434763661300065E-22
9.8                       -3.1516861508108624E-22
9.9                       -1.0236498408724214E-21
10                        -1.3939345400695361E-21
10.100000000000001        -8.334029795476127E-22
10.200000000000001        9.036776052154881E-22
10.299999999999999        3.230258484076305E-21
10.4                      4.5834733164157606E-21
10.5                      3.013521926731435E-21
10.6                      -2.4347595160661983E-21
10.700000000000001        -1.0118049142443838E-20
10.8                      -1.516724892370037E-20
10.9                      -1.1127777418337424E-20
11                        5.7697035130577476E-21
11.1                      3.128703011894087E-20
11.200000000000001        5.0481047845890065E-20
11.3                      4.192938779816136E-20
11.399999999999999        -9.305376380327661E-21
11.5                      -9.403430839202081E-20
11.600000000000001        -1.6766710417186277E-19
11.7                      -1.5953935765322674E-19
11.8                      -1.102798389290398E-20
11.9                      2.6665296937498245E-19
12                        5.470234675268458E-19
12.100000000000001        6.016323593333427E-19
12.2                      2.0621618768021384E-19
12.3                      -6.748059285764994E-19
12.4                      -1.7134546047837354E-18
12.499999999999998        -2.1992922595638895E-18
12.600000000000001        -1.3092962643290643E-18
12.700000000000001        1.3283628001710032E-18
12.799999999999999        4.997161865677618E-18
12.9                      7.62243048865889E-18
13                        6.350944654968972E-18
13.100000000000001        -8.36374221723286E-19
13.200000000000001        -1.2949410072242949E-17
13.299999999999999        -2.449158823817457E-17
13.4                      -2.6266898470134973E-17
13.5                      -9.560401447206675E-18
13.6                      2.698908477260172E-17
13.700000000000001        7.098831251518786E-17
13.8                      9.542152838996398E-17
13.899999999999999        6.788916164634443E-17
14                        -2.963079273739359E-17
14.1                      -1.7741834095112524E-16
14.200000000000001        -3.053582462863724E-16
14.3                      -3.075081621430072E-16
14.399999999999999        -9.232736705022567E-17
14.5                      3.4249360427263007E-16
14.600000000000001        8.464637150640447E-16
14.7                      1.1160854128635631E-15
14.8                      8.008549661787026E-16
14.9                      -2.866995992431522E-16
14.999999999999998        -1.9320895437901377E-15
15.100000000000001        -3.3951995491111203E-15
15.2                      -3.561540935926649E-15
15.299999999999999        -1.4455199110812825E-15
15.399999999999999        3.0642181844238123E-15
15.5                      8.559197237743283E-15
15.6                      1.2057424539571839E-14
15.7                      9.952468445837186E-15
15.8                      -2.5715128071187302E-17
15.9                      -1.6484379374715717E-14
16                        -3.29576913355964E-14
16.1                      -3.8886799451382664E-14
16.199999999999996        -2.3825296628518816E-14
16.3                      1.5850423202222353E-14
16.400000000000002        7.046785690579985E-14
16.499999999999996        1.1504403573130033E-13
16.6                      1.1564409208895177E-13
16.7                      4.509295696036193E-14
16.799999999999997        -9.621485409790653E-14
16.900000000000002        -2.64264127927852E-13
17                        -3.7270796669537683E-13
17.1                      -3.20647401874209E-13
17.2                      -4.513717884313102E-14
17.3                      4.1925766515878254E-13
17.400000000000002        9.055833118356316E-13
17.5                      1.138793517496545E-12
17.6                      8.374731329937458E-13
17.7                      -1.2454829488508515E-13
17.8                      -1.5588342253996362E-12
17.900000000000002        -2.8992838438258685E-12
18                        -3.323426725324331E-12
18.099999999999998        -2.086036775844967E-12
18.2                      1.0142589433158507E-12
18.3                      5.23174286351198E-12
18.4                      8.795078993404297E-12
18.5                      9.364763166242398E-12
18.6                      5.043714207269646E-12
18.699999999999996        -4.342161770346005E-12
18.8                      -1.626757606232816E-11
18.900000000000002        -2.552536348066035E-11
18.999999999999996        -2.5719549966858742E-11
19.1                      -1.2143508527651133E-11
19.200000000000003        1.484357822806409E-11
19.299999999999997        4.752212791348783E-11
19.400000000000002        7.134763253226157E-11
19.5                      6.937393181310366E-11
19.6                      3.0048510539587053E-11
19.700000000000003        -4.415772471109728E-11
19.8                      -1.3142721628220877E-10
19.900000000000002        -1.9287538691002368E-10
20                        -1.8471349371669962E-10
20.1                      -7.848211215649121E-11
20.200000000000003        1.1741518337388947E-10
20.299999999999997        3.452939858260074E-10
20.400000000000002        5.052087772513252E-10
20.5                      4.863572849940966E-10
20.599999999999998        2.1765937304540272E-10
20.700000000000003        -2.7952083719835126E-10
20.8                      -8.61793604179443E-10
20.9                      -1.281695370042809E-9
21                        -1.2642532627894223E-9
21.1                      -6.290626662234754E-10
21.2                      5.827535839060291E-10
21.3                      2.036119751863372E-9
21.400000000000002        3.14101889491545E-9
21.499999999999996        3.228962204158227E-9
21.6                      1.8375662689666163E-9
21.700000000000003        -9.888872789215068E-10
21.8                      -4.518200578964748E-9
21.900000000000002        -7.3994017367438356E-9
22                        -8.046141612272014E-9
22.1                      -5.276169786614074E-9
22.2                      9.913850062116626E-10
22.3                      9.279066682366802E-9
22.400000000000002        1.6631831815252134E-8
22.499999999999996        1.9396012862940144E-8
22.6                      1.4598642545176728E-8
22.700000000000003        1.5240512631169993E-9
22.799999999999997        -1.714592848432358E-8
22.900000000000002        -3.528876548421256E-8
23                        -4.479797246515197E-8
23.099999999999998        -3.8419357963404295E-8
23.200000000000003        -1.3200292339067272E-8
23.3                      2.673966108141851E-8
23.4                      6.954364013295414E-8
23.5                      9.804563986986678E-8
23.6                      9.527299660392398E-8
23.7                      5.168443214241724E-8
23.8                      -2.8360496363075313E-8
23.900000000000002        -1.238712324119412E-7
24                        -2.0056232438631368E-7
24.1                      -2.2076477219425835E-7
24.200000000000003        -1.578412083338652E-7
24.3                      -1.0542675076404601E-8
24.4                      1.8859597721923005E-7
24.5                      3.760298785110154E-7
24.6                      4.7332893161309865E-7
24.7                      4.140588921680587E-7
24.8                      1.7375188295332063E-7
24.900000000000002        -2.0809850225639453E-7
24.999999999999996        -6.249859194409033E-7
25.1                      -9.257653541268179E-7
25.200000000000003        -9.606829252307233E-7
25.299999999999997        -6.395600162426654E-7
25.400000000000002        1.7135248409958057E-8
25.5                      8.558630508850675E-7
25.599999999999998        1.6122857293706498E-6
25.700000000000003        1.9812805761783308E-6
25.8                      1.7203674455408378E-6
25.9                      7.561020764354519E-7
26                        -7.454973203090264E-7
26.1                      -2.379314893169301E-6
26.200000000000003        -3.5891150656839753E-6
26.299999999999997        -3.831666630162404E-6
26.400000000000002        -2.775171430445533E-6
26.5                      -4.683770627171025E-7
26.599999999999998        2.586708824518617E-6
26.700000000000003        5.505714838307172E-6
26.8                      7.242834863827779E-6
26.9                      6.916857486486042E-6
27                        4.151489658567092E-6
27.1                      -6.841631773980531E-7
27.2                      -6.43762050096956E-6
27.3                      -1.1391523957878044E-5
27.400000000000002        -1.3716581780895657E-5
27.499999999999996        -1.2054429814994435E-5
27.6                      -6.063246916960337E-6
27.700000000000003        3.2597815712789282E-6
27.799999999999997        1.3626514667912224E-5
27.900000000000002        2.1931044738743303E-5
28                        2.5076622770750373E-5
28.099999999999998        2.096015523613072E-5
28.2                      9.333852555991868E-6
28.3                      -7.747662057431348E-6
28.400000000000002        -2.6109820022430063E-5
28.499999999999996        -4.033001011171043E-5
28.6                      -4.515930563207566E-5
28.700000000000003        -3.7163085559325687E-5
28.799999999999997        -1.612449450382546E-5
28.900000000000002        1.4256405881850541E-5
29                        4.6709500093819006E-5
29.099999999999998        7.188039344040456E-5
29.200000000000003        8.072677016391243E-5
29.3                      6.728416862727263E-5
29.4                      3.104860724058138E-5
29.5                      -2.180547834684869E-5
29.6                      -7.895682912241281E-5
29.7                      -1.2439557547373647E-4
29.8                      -1.4244631216283672E-4
29.900000000000002        -1.2245941955542954E-4
29.999999999999996        -6.290423242925335E-5
30.1                      2.6463420776245516E-5
30.200000000000003        1.2536068817858167E-4
30.299999999999997        2.0697673665401819E-4
30.4                      2.4461321093838885E-4
30.5                      2.1947178838141592E-4
30.599999999999998        1.2748936378573266E-4
30.7                      -1.695584702732159E-5
30.799999999999997        -1.8207830748874422E-4
30.9                      -3.249266539121035E-4
31                        -4.018338363257053E-4
31.099999999999998        -3.806843853752348E-4
31.2                      -2.5172200256017236E-4
31.3                      -3.358302350446367E-5
31.4                      2.2782231809048605E-4
31.5                      4.6820398483145525E-4
31.6                      6.200351614032264E-4
31.7                      6.304650740149951E-4
31.8                      4.7736096079472164E-4
31.900000000000002        1.7888319575187214E-4
32                        -2.0665818807775357E-4
32.1                      -5.91554548069932E-4
32.2                      -8.781610362999801E-4
32.300000000000004        -9.827180664366633E-4
32.39999999999999         -8.577452986220873E-4
32.5                      -5.072397935887953E-4
32.6                      9.579378481711335E-6
32.7                      5.875987043682438E-4
32.800000000000004        0.0010967238951456364
32.9                      0.001410096329486307
32.99999999999999         0.0014335112267299373
33.1                      0.0011295006315098436
33.2                      5.305434727851176E-4
33.300000000000004        -2.619730414777926E-4
33.4                      -0.001093584255787648
33.5                      -0.0017849845850110826
33.599999999999994        -0.002167780218509088
33.699999999999996        -0.0021211917811956044
33.800000000000004        -0.0016025393362455805
33.9                      -6.649269044134221E-4
34                        5.426969955125687E-4
34.1                      0.0017951317836943771
34.2                      0.0028286663702709906
34.3                      0.003391680390203392
34.4                      0.003299446143388755
34.5                      0.0024822924362204726
34.6                      0.0010160201989900955
34.7                      -8.74452200502925E-4
34.800000000000004        -0.002842808155325524
34.89999999999999         -0.004478846739599974
35                        -0.005387471515563274
35.1                      -0.005274986223160675
35.2                      -0.004025067735533639
35.300000000000004        -0.0017468077971142327
35.4                      0.0012188915125813339
35.49999999999999         0.004340989336171886
35.6                      0.006985044168728303
35.7                      0.008532290715487424
35.800000000000004        0.008510279698606236
35.9                      0.006709680487455926
36                        0.0032618112845922806
36.099999999999994        -0.0013436056253008865
36.199999999999996        -0.006311540398560929
36.300000000000004        -0.010664038363105892
36.4                      -0.013416401695100801
36.5                      -0.013778871623991565
36.6                      -0.011346370394657603
36.7                      -0.006235738797155919
36.8                      8.655256176463139E-4
36.9                      0.008762273061554948
37                        0.01592988373982605
37.1                      0.020787123714579223
37.2                      0.0220196100909889
37.300000000000004        0.018892023580314277
37.39999999999999         0.011480285463980779
37.5                      7.623560554373707E-4
37.6                      -0.011471255234663288
37.7                      -0.022891666823581003
37.800000000000004        -0.031054615462752143
37.9                      -0.033898988645707354
37.99999999999999         -0.030222189336380344
38.099999999999994        -0.020027459441511367
38.2                      -0.0046549238749462925
38.300000000000004        0.0133539501278187
38.400000000000006        0.030656156608320183
38.5                      0.04371209193566964
38.599999999999994        0.0494877553254911
38.699999999999996        0.04611685440036298
38.800000000000004        0.033382908832302875
38.900000000000006        0.012908055123246515
39                        -0.012012817801801356
39.1                      -0.036926043253736114
39.2                      -0.057003795753411815
39.3                      -0.06796221822552408
39.400000000000006        -0.06694010684905133
39.5                      -0.053161736088803556
39.6                      -0.02823882763469494
39.7                      0.003971219358498153
39.800000000000004        0.0379514112374645
39.9                      0.06746877398483339
40                        0.08671342739152207
40.1                      0.09142361593660508
40.2                      0.07977875626110469
40.300000000000004        0.05287695159238889
40.400000000000006        0.014685843762764536
40.49999999999999         -0.028546837656012493
40.599999999999994        -0.06933290390814471
40.7                      -0.1002541529766901
40.800000000000004        -0.11530790877054645
40.900000000000006        -0.1110402274972576
41                        -0.08725489265128122
41.1                      -0.047161977356171725
41.199999999999996        0.003069607223984601
41.300000000000004        0.05528512731705478
41.400000000000006        0.10068044157776634
41.5                      0.13127805261997025
41.6                      0.14129669743319873
41.7                      0.12818687055364517
41.8                      0.09315875902642948
41.9                      0.04110868858644845
42                        -0.020057196656012927
42.1                      -0.08061064889268711
42.2                      -0.1305284505408888
42.300000000000004        -0.16112889523218982
42.4                      -0.16656034459004296
42.49999999999999         -0.14489398596666445
42.6                      -0.0986208798392968
42.7                      -0.03443687695281103
42.800000000000004        0.03769106427667547
42.900000000000006        0.10606238307587045
42.99999999999999         0.15915674224735454
43.099999999999994        0.18761387365599952
43.2                      0.18593501228184514
43.300000000000004        0.1535876252453979
43.400000000000006        0.09528246902701717
43.5                      0.020329249541297525
43.6                      -0.05885806568722333
43.699999999999996        -0.12887275903637585
43.800000000000004        -0.17768174119092053
43.900000000000006        -0.19681779831739032
44                        -0.18298023174494565
44.1                      -0.13871939505383615
44.2                      -0.07204212002206051
44.3                      0.00502242692242548
44.4                      0.0786509822689766
44.5                      0.1358350172184755
44.6                      0.16686341917804928
44.7                      0.16717818857613856
44.800000000000004        0.13821281172251837
44.9                      0.08702137598833781
44.99999999999999         0.02475543921952116
45.1                      -0.03570651372288723
45.2                      -0.08248084648704035
45.300000000000004        -0.10716699938767911
45.400000000000006        -0.10655685893133182
45.49999999999999         -0.083184076420299
45.599999999999994        -0.044587628342293024
45.7                      -0.0014540548953664795
45.800000000000004        0.03493961027352101
45.900000000000006        0.055396635553567115
46                        0.054970140693716904
46.1                      0.03412968944116165
46.199999999999996        -0.0013466161833832367
46.3                      -0.041732750622769044
46.400000000000006        -0.07565831893209972
46.5                      -0.09282921834001703
46.6                      -0.08654424979728165
46.7                      -0.05543205006866085
46.8                      -0.004006831959698368
46.9                      0.058096522150697286
47                        0.11805634869771829
47.1                      0.16255882190145698
47.2                      0.18067764279735726
47.300000000000004        0.16631958928854984
47.4                      0.1197053038182394
47.49999999999999         0.047556228026033626
47.6                      -0.038069358958814525
47.7                      -0.12206277800816058
47.800000000000004        -0.1892068711964627
47.900000000000006        -0.2271658876728558
48                        -0.22890432953631548
48.099999999999994        -0.1940368536883656
48.2                      -0.12883942691283387
48.300000000000004        -0.0449371773123229
48.400000000000006        0.0430365209098979
48.5                      0.12030440462029576
48.6                      0.17473149043618352
48.699999999999996        0.1989686157397383
48.8                      0.19154707258233775
48.900000000000006        0.15675685916365484
49                        0.10340326132551408
49.1                      0.04276268566152475
49.2                      -0.01379802835682382
49.3                      -0.05703845357759359
49.4                      -0.08146642489372649
49.5                      -0.08608395365489586
49.6                      -0.07416923061222663
49.7                      -0.052200751742791596
49.800000000000004        -0.028188582297767627
49.900000000000006        -0.009776903585176366
49.99999999999999         -0.002509462103478049
50.1                      -0.008605533234069538
50.2                      -0.026488494824738643
50.300000000000004        -0.051159894169795925
50.400000000000006        -0.07534321155596624
50.5                      -0.09116237539800424
50.599999999999994        -0.09200120348439499
50.699999999999996        -0.07413863559816393
50.800000000000004        -0.03778796304568089
50.900000000000006        0.012713429794682674
51                        0.06963404559637058
51.1                      0.1233586940087134
51.199999999999996        0.16435382455401418
51.3                      0.18514719722664047
51.400000000000006        0.18187009193988352
51.5                      0.15500968593466813
51.6                      0.10920678371000381
51.7                      0.05216296467852125
51.8                      -0.007067147309485914
51.9                      -0.059982488391831214
52                        -0.10029073909288024
52.1                      -0.12493962872814368
52.2                      -0.13431866390740788
52.300000000000004        -0.13163621541807619
52.400000000000006        -0.12167738490248779
52.49999999999999         -0.10928977450307223
52.599999999999994        -0.09799558786098048
52.7                      -0.08908111405486151
52.800000000000004        -0.08138374141977711
52.900000000000006        -0.07181567708484708
53                        -0.05647586929944545
53.099999999999994        -0.03205096976164187
53.199999999999996        0.0028722682656215333
53.300000000000004        0.046947374692148644
53.400000000000006        0.09592072025335627
53.5                      0.14328075390656647
53.6                      0.18158284425079646
53.699999999999996        0.20414232656171916
53.8                      0.2066708039843249
53.900000000000006        0.18841823923572776
54                        0.15248760036098052
54.1                      0.10519071852509647
54.2                      0.054565581854340246
54.3                      0.008410318053882593
54.4                      -0.027659292577454055
54.5                      -0.05160176032050659
54.6                      -0.06538891726655584
54.7                      -0.07433167666616144
54.800000000000004        -0.08542906866386428
54.900000000000006        -0.10514828926476177
54.99999999999999         -0.13721320673194368
55.099999999999994        -0.1809982023846656
55.2                      -0.23098583605045253
55.300000000000004        -0.27748635485447626
55.400000000000006        -0.3085028737388018
55.5                      -0.3123394343501167
55.599999999999994        -0.2803618351226946
55.699999999999996        -0.2092768453656529
55.800000000000004        -0.10240039990437014
55.900000000000006        0.030390384109810924
56                        0.1740388813906278
56.1                      0.3107570552931007
56.199999999999996        0.4230516670782443
56.3                      0.49672620397648004
56.4                      0.5232678168348002
56.5                      0.5011592732964343
56.6                      0.43587670685620616
56.7                      0.33859983897058693
56.800000000000004        0.22391951293594398
56.9                      0.10702609754414184
56.99999999999999         9.604522715723207E-4
57.1                      -0.0855152630187525
57.2                      -0.1490133283224259
57.300000000000004        -0.19140221561878307
57.400000000000006        -0.21856462334369114
57.49999999999999         -0.23836823860025275
57.599999999999994        -0.25834926262705765
57.7                      -0.28365150487589663
57.800000000000004        -0.3156780360777457
57.900000000000006        -0.3517231795940425
58                        -0.3856110966704402
58.099999999999994        -0.4091356758262314
58.199999999999996        -0.4139306534703068
58.300000000000004        -0.393333121588712
58.400000000000006        -0.343842936851465
58.5                      -0.26590287017940356
58.6                      -0.16389007534324737
58.699999999999996        -0.04537543730535055
58.8                      0.0801607590372332
58.9                      0.20288912797388586
59                        0.3141756573678363
59.1                      0.40784164603798606
59.2                      0.4809291256591004
59.300000000000004        0.533846295345932
59.4                      0.5698703407412331
59.49999999999999         0.5940980701427223
59.6                      0.6120448822019042
59.7                      0.6281793574306506
59.800000000000004        0.6447196604840495
59.900000000000006        0.6609880046152261
59.99999999999999         0.6735134561040048
60.099999999999994        0.6769056123694464
60.2                      0.6653289004456429
60.300000000000004        0.6342408009333669
60.400000000000006        0.5819682298616323
60.5                      0.510717897871005
60.599999999999994        0.42675101966870843
60.699999999999996        0.339667922489119
60.8                      0.2609849872850823
60.900000000000006        0.2023771040992715
61                        0.17404795836487424
61.099999999999994        0.1836524668638445
61.199999999999996        0.23604275246580667
61.3                      0.3338865632951271
61.4                      0.4789786454247237
61.49999999999999         0.6738933959902361
61.599999999999994        0.9235539565689601
61.699999999999996        1.2363319238877664
61.8                      1.6244261517242709
61.9                      2.103459815971553
62                        2.691433823688805
62.10000000000001         3.4073367869344695
62.199999999999996        4.269804289889082
62.3                      5.29622641159978
62.4                      6.5026222653367824
62.5                      7.9044483330929785
62.6                      9.518310937931952
62.7                      11.364349754516544
62.8                      13.468892220240102
62.9                      15.866890356167946
63                        18.60367289176741
63.1                      21.735685561757137
63.2                      25.330129831218738
63.300000000000004        29.463693624879287
63.4                      34.22082495313486
63.5                      39.69215718869884
63.6                      45.973701096729755
63.7                      53.16726200440884
63.800000000000004        61.38225735912884
63.900000000000006        70.73877726263461
64                        81.37144322743302
64.1                      93.43346143049145
64.2                      107.10028042308598
64.3                      122.57244068907312
64.4                      140.07748607578452
64.5                      159.87110710509273
64.60000000000001         182.2379160526216
64.7                      207.49235451686292
64.79999999999998         235.98019202974197
64.9                      268.080919629207
65                        304.2111342690015
65.10000000000001         344.8288118598115
65.2                      390.43822405280935
65.29999999999998         441.59518217696143
65.4                      498.91227872696237
65.5                      563.0638154610308
65.60000000000001         634.7901328489139
65.7                      714.901078560705
65.8                      804.2783804473597
65.9                      903.8767386403551
65.99999999999999         1014.7235336818684
66.10000000000001         1137.917157619234
66.2                      1274.6240868191528
66.3                      1426.074890024621
66.4                      1593.5593670777748
66.5                      1778.4209271513778
66.60000000000001         1982.0501551285402
66.69999999999999         2205.8773244680797
66.8                      2451.363452783012
66.9                      2719.9894150221585
67                        3013.2426568260576
67.10000000000001         3332.6011821919474
67.19999999999999         3679.5146905606452
67.3                      4055.3829598957154
67.39999999999999         4461.531769699105
67.5                      4899.1868054604565
67.60000000000001         5369.446080984594
67.7                      5873.251470577696
67.8                      6411.359974732286
67.89999999999999         6984.315356063817
68                        7592.420767340565
68.10000000000001         8235.712932513712
68.2                      8913.938322340997
68.3                      9626.531596618197
68.4                      10372.596400676437
68.5                      11150.888461285887
68.6                      11959.80088534
68.7                      12797.351660215543
68.8                      13661.173581771129
68.9                      14548.507140462512
69                        15456.197188088181
69.1                      16380.694388937849
69.2                      17318.062455951986
69.3                      18263.991962115044
69.4                      19213.821136685994
69.5                      20162.563590434554
69.60000000000001         21104.94246976374
69.7                      22035.43020941467
69.79999999999998         22948.29289044114
69.9                      23837.638216024006
70                        24697.466250017576
70.10000000000001         25521.722255565626
70.2                      26304.35115821383
70.29999999999998         27039.353293823915
70.4                      27720.841166796108
70.49999999999999         28343.09694063554
70.60000000000001         28900.630322344714
70.7                      29388.23639507584
70.8                      29801.052806014002
70.9                      30134.615535027428
70.99999999999999         30384.91227094718
71.10000000000001         30548.432240739276
71.2                      30622.21122301372
71.3                      30603.87048577372
71.4                      30491.648556992244
71.5                      30284.42506684157
71.60000000000001         29981.73634656678
71.69999999999999         29583.78294441235
71.8                      29091.42961831013
71.9                      28506.198596333637
72                        27830.25691150673
72.10000000000001         27066.39843160157
72.19999999999999         26218.020890782183
72.3                      25289.097899343462
72.39999999999999         24284.145674117517
72.5                      23208.184176966686
72.60000000000001         22066.692498185894
72.7                      20865.558641212185
72.8                      19611.024274179483
72.89999999999999         18309.625412431207
73                        16968.13029397986
73.10000000000001         15593.47584950672
73.2                      14192.704134881491
73.3                      12772.899911839526
73.4                      11341.130283102164
73.5                      9904.386975210242
73.6                      8469.531576865884
73.7                      7043.2438322365215
73.8                      5631.97298960142
73.9                      4241.8922272398495
74                        2878.8563082388805
74.1                      1548.3628170788656
74.2                      255.51754496573426
74.29999999999998         -994.9952529435218
74.4                      -2198.9369737765833
74.5                      -3352.532537811807
74.60000000000001         -4452.481698805476
74.7                      -5495.963900544656
74.79999999999998         -6480.6372343915855
74.9                      -7404.632414730643
75                        -8266.542867385362
75.10000000000001         -9065.411968398052
75.2                      -9800.71819202966
75.29999999999998         -10472.358508831572
75.4                      -11080.629942270958
75.49999999999999         -11626.208876538903
75.60000000000001         -12110.127604356247
75.7                      -12533.747742404463
75.8                      -12898.730480910654
75.9                      -13207.004072921958
75.99999999999999         -13460.729384142138
76.10000000000001         -13662.26460710865
76.19999999999999         -13814.130331038701
76.3                      -13918.976046518515
76.4                      -13979.548899059873
76.5                      -13998.665162782572
76.60000000000001         -13979.18456201453
76.69999999999999         -13923.987281841395
76.80000000000001         -13835.953307967064
76.9                      -13717.943627368491
77                        -13572.782797841597
77.10000000000001         -13403.242449359243
77.19999999999999         -13212.025408854888
77.30000000000001         -13001.750336303236
77.39999999999999         -12774.937005491065
77.5                      -12533.992619342616
77.60000000000001         -12281.199759603422
77.7                      -12018.706669905065
77.80000000000001         -11748.520509968164
77.89999999999999         -11472.503983319244
78                        -11192.375366577638
78.1                      -10909.711535848299
78.2                      -10625.953201197022
78.30000000000001         -10342.411324186201
78.4                      -10060.273669869905
78.5                      -9780.610640496025
78.6                      -9504.379901690656
78.7                      -9232.429749328512
78.80000000000001         -8965.501569637365
78.9                      -8704.23202651846
79                        -8449.15571764664
79.1                      -8200.708969736559
79.2                      -7959.235227284689
79.3                      -7724.992184733739
79.4                      -7498.160481650424
79.5                      -7278.853480241189
79.60000000000001         -7067.127419688641
79.7                      -6862.991127272631
79.8                      -6666.4144868853255
79.9                      -6477.33503255872
80                        -6295.662337509394
80.10000000000001         -6121.280267337189
80.2                      -5954.047586197289
80.30000000000001         -5793.797750705101
80.4                      -5640.338901111492
80.49999999999999         -5493.454995749088
80.60000000000001         -5352.908723471088
80.7                      -5218.446331631544
80.80000000000001         -5089.803948311172
80.9                      -4966.714511554689
80.99999999999999         -4848.914183920643
81.10000000000001         -4736.147204573083
81.19999999999999         -4628.168500216497
81.30000000000001         -4524.743936940293
81.4                      -4425.648683756583
81.5                      -4330.6646020255785
81.60000000000001         -4239.57774496245
81.69999999999999         -4152.176905107152
81.80000000000001         -4068.253739392838
81.89999999999999         -3987.6044633859806
82                        -3910.032604516777
82.10000000000001         -3835.3519861260474
82.2                      -3763.3890646291743
82.30000000000001         -3693.9839610381846
82.39999999999999         -3626.9899362326414
82.5                      -3562.2715270477706
82.60000000000001         -3499.701948576663
82.7                      -3439.16056902143
82.80000000000001         -3380.5312272507886
82.89999999999999         -3323.701907408198
83                        -3268.5658846221204
83.1                      -3215.024020972614
83.2                      -3162.9875369641745
83.30000000000001         -3112.3804042802913
83.4                      -3063.140550519341
83.5                      -3015.2193310894327
83.6                      -2968.5791480279713
83.7                      -2923.1895780445
83.8                      -2879.02278986281
83.9                      -2836.0492697291315
84                        -2794.2348581114466
84.10000000000001         -2753.539816718248
84.2                      -2713.920151353342
84.3                      -2675.3308332987463
84.4                      -2637.7300438353127
84.5                      -2601.0832590104037
84.60000000000001         -2565.365989712927
84.7                      -2530.564308678525
84.8                      -2496.672854846857
84.9                      -2463.690659753324
84.99999999999999         -2431.6157143485184
85.10000000000001         -2400.4395333853136
85.2                      -2370.142989909884
85.30000000000001         -2340.694386072218
85.4                      -2312.050186563351
85.49999999999999         -2284.158213322033
85.60000000000001         -2256.9625445946144
85.7                      -2230.409007906231
85.80000000000001         -2204.4500741128754
85.9                      -2179.048146384122
85.99999999999999         -2154.1766305674196
86.10000000000001         -2129.818671454611
86.19999999999999         -2105.963933009549
86.30000000000001         -2082.6041933411084
86.4                      -2059.728748922224
86.5                      -2037.3206429771608
86.60000000000001         -2015.3545502801376
86.69999999999999         -1993.7967980434946
86.80000000000001         -1972.607543864922
86.89999999999999         -1951.7446555892072
87                        -1931.1684463373772
87.10000000000001         -1910.8462062712017
87.2                      -1890.7555047098824
87.30000000000001         -1870.8855208441344
87.39999999999999         -1851.2361403183609
87.5                      -1831.815110364548
87.60000000000001         -1812.6340285302524
87.7                      -1793.7042118031463
87.80000000000001         -1775.0334731455498
87.89999999999999         -1756.6245265763728
88                        -1738.4752443232917
88.1                      -1720.580455258302
88.2                      -1702.9345679373982
88.30000000000001         -1685.53414367918
88.4                      -1668.37966899303
88.5                      -1651.4761204303204
88.6                      -1634.8323458074833
88.7                      -1618.4596500715377
88.8                      -1602.3701535138102
88.9                      -1586.5754426281726
89                        -1571.085804609228
89.10000000000001         -1555.9100341377273
89.2                      -1541.0555521187173
89.3                      -1526.5284740205088
89.4                      -1512.333336948877
89.5                      -1498.4723938312472
89.60000000000001         -1484.9446163268933
89.7                      -1471.744715649655
89.8                      -1458.8625281450704
89.9                      -1446.283014736132
89.99999999999999         -1433.9869402456113
90.10000000000001         -1421.9521089015257
90.2                      -1410.1549068899335
90.30000000000001         -1398.5718748660213
90.4                      -1387.1810887591425
90.49999999999999         -1375.9632180038132
90.60000000000001         -1364.9022033677475
90.69999999999999         -1353.9855227578694
90.80000000000001         -1343.2040025959843
90.9                      -1332.5511261875092
90.99999999999999         -1322.021836612446
91.10000000000001         -1311.6109522332465
91.19999999999999         -1301.3114838234148
91.30000000000001         -1291.1132951011623
91.4                      -1281.0025966875148
91.5                      -1270.9626435169118
91.60000000000001         -1260.9757133688045
91.69999999999999         -1251.026049721601
91.80000000000001         -1241.1030834864803
91.89999999999999         -1231.2040464234528
92                        -1221.335152515023
92.10000000000001         -1211.5108635168945
92.2                      -1201.7512821760167
92.30000000000001         -1192.0782671919071
92.39999999999999         -1182.5112554534794
92.5                      -1173.063874884613
92.6                      -1163.7421992243121
92.7                      -1154.5450109505164
92.80000000000001         -1145.4658622390018
92.89999999999999         -1136.4962442179026
93                        -1127.6289379492368
93.1                      -1118.8606808093791
93.2                      -1110.1935879829412
93.30000000000001         -1101.6351904639632
93.4                      -1093.197333895205
93.5                      -1084.894407908063
93.6                      -1076.7414008152916
93.7                      -1068.752140080397
93.8                      -1060.9378808403178
93.9                      -1053.3062460857223
94                        -1045.860466772243
94.10000000000001         -1038.598917681823
94.2                      -1031.51503696522
94.3                      -1024.5977713362458
94.4                      -1017.8326421782892
94.5                      -1011.203371914395
94.60000000000001         -1004.693798921116
94.7                      -998.2896376724749
94.8                      -991.9796013327654
94.9                      -985.7555429214476
94.99999999999999         -979.6115621031978
95.10000000000001         -973.5423730832572
95.2                      -967.5415066279639
95.30000000000001         -961.6000142871326
95.4                      -955.7062067419096
95.49999999999999         -949.8466272498993
95.60000000000001         -944.0080458645637
95.69999999999999         -938.1799045511659
95.80000000000001         -932.3564715524716
95.9                      -926.5380337255998
96                        -920.7307407504795
96.10000000000001         -914.9451148482743
96.19999999999999         -909.1936200555815
96.30000000000001         -903.4879280162077
96.4                      -897.8365601410943
96.5                      -892.2434377739572
96.60000000000001         -886.7076008966615
96.69999999999999         -881.2240569354797
96.80000000000001         -875.7854786788727
96.89999999999999         -870.3843309739973
97                        -865.0149725638059
97.10000000000001         -859.6753244275394
97.2                      -854.3677847304479
97.30000000000001         -849.0991821910216
97.39999999999999         -843.8796940447241
97.5                      -838.720822022343
97.6                      -833.6327202561814
97.7                      -828.621375212797
97.80000000000001         -823.6862904026907
97.9                      -818.8193532187624
98                        -814.0053999816743
98.1                      -809.2246412781336
98.2                      -804.4566269912102
98.3                      -799.6849470080875
98.4                      -794.9015357517535
98.5                      -790.1094073414323
98.6                      -785.3229467917104
98.7                      -780.5654678741183
98.8                      -775.8644672046386
98.9                      -771.2456484498616
99                        -766.7271632961505
99.10000000000001         -762.3154973685247
99.2                      -758.0040184461728
99.3                      -753.7745195652104
99.4                      -749.6013298945359
99.49999999999999         -745.4569460947662
99.60000000000001         -741.3178188718848
99.7                      -737.1689780929006
99.80000000000001         -733.0065505039106
99.9                      -728.8377880605951
99.99999999999999         -724.6788179040045
