0                         6.024312413125889E-47
0.09999999999999999       -4.4948267548850877E-35
0.19999999999999998       -1.0469790816239584E-33
0.30000000000000004       9.364575292918522E-33
0.39999999999999997       -1.9088901698550472E-32
0.5                       -4.520522041257607E-32
0.6000000000000001        1.8405953564278608E-31
0.7000000000000001        1.5668139976286376E-31
0.7999999999999999        -9.72121821280192E-31
0.8999999999999999        -8.259455919532013E-31
1                         3.825557465347992E-30
1.1                       5.267875305405776E-30
1.2000000000000002        -1.053162312587047E-29
1.3                       -2.7051345603887415E-29
1.4000000000000001        1.0228073457566636E-29
1.5                       9.748115635054597E-29
1.5999999999999999        7.587377174526384E-29
1.7                       -2.0389863158314203E-28
1.7999999999999998        -4.746560715225142E-28
1.9                       -3.511418899334112E-29
2                         1.271962002614013E-27
2.0999999999999996        1.866037645051677E-27
2.2                       -7.146279813406771E-28
2.3                       -5.923406223008568E-27
2.4000000000000004        -7.058319604998711E-27
2.5                       4.13084122533724E-27
2.6                       2.3942155464108556E-26
2.7                       2.7785930914688447E-26
2.8000000000000003        -1.3044414158518006E-26
2.9000000000000004        -8.712303908293922E-26
3                         -1.1262169113708742E-25
3.1                       1.4341260121499315E-26
3.1999999999999997        2.810248873948153E-25
3.3000000000000003        4.42584007303542E-25
3.4                       1.274579985373551E-25
3.5                       -7.566600126268964E-25
3.5999999999999996        -1.583608083510672E-24
3.7                       -1.1166366423987784E-24
3.8                       1.4327070843837622E-24
3.9                       4.872061669439917E-24
4                         5.5770455443923055E-24
4.1000000000000005        -2.522984025837461E-25
4.199999999999999         -1.1916296890437753E-23
4.3                       -2.0684787437998796E-23
4.4                       -1.2804222765723078E-23
4.5                       1.8602831474403875E-23
4.6                       5.885016442579176E-23
4.7                       6.893088034359373E-23
4.800000000000001         8.451114596807454E-24
4.9                       -1.1934433672161878E-22
5                         -2.3192746909520407E-22
5.1000000000000005        -1.8898776917639793E-22
5.2                       1.0354522426533126E-22
5.3                       5.49775980132068E-22
5.4                       8.015373433858938E-22
5.5                       4.127900908071764E-22
5.6000000000000005        -7.698959977120632E-22
5.699999999999999         -2.19148767818119E-21
5.800000000000001         -2.5580882581305993E-21
5.9                       -5.466645492012861E-22
6                         3.850167609694539E-21
6.1                       8.176303757721026E-21
6.2                       7.883098912362345E-21
6.300000000000001         -8.74078969264584E-22
6.3999999999999995        -1.6745275709822163E-20
6.5                       -2.9994390825134494E-20
6.6000000000000005        -2.4823475852868852E-20
6.7                       1.0372339192385394E-20
6.8                       6.796156690585483E-20
6.9                       1.1152942316678891E-19
7                         8.551121635770659E-20
7.1000000000000005        -4.876467995517432E-20
7.199999999999999         -2.6172378717122257E-19
7.300000000000001         -4.2316427479698847E-19
7.4                       -3.343364195528963E-19
7.499999999999999         1.5024694373958301E-19
7.6                       9.448429373241931E-19
7.699999999999999         1.608781043387531E-18
7.8                       1.4302934912969557E-18
7.9                       -1.8329646573591093E-19
8                         -3.091713993431772E-18
8.099999999999998         -5.921973601860943E-18
8.200000000000001         -6.194169952398498E-18
8.3                       -1.4714561018231502E-18
8.399999999999999         8.592357364534994E-18
8.5                       2.025943338818209E-17
8.6                       2.541180662271637E-17
8.700000000000001         1.4507066702567217E-17
8.8                       -1.7031728137769575E-17
8.9                       -6.133724753361644E-17
9                         -9.445497246416038E-17
9.1                       -8.217223696326146E-17
9.2                       2.0551127881674236E-18
9.3                       1.5154937537393492E-16
9.4                       3.0649274146163997E-16
9.499999999999998         3.5815666623414596E-16
9.600000000000001         1.913350984804565E-16
9.700000000000001         -2.3843176532079097E-16
9.8                       -8.230255377368731E-16
9.9                       -1.2689916941050123E-15
10                        -1.1695078783442913E-15
10.100000000000001        -2.0217958720440104E-16
10.200000000000001        1.5969507712045296E-15
10.299999999999999        3.615065801568902E-15
10.4                      4.678717993838141E-15
10.5                      3.443257862021659E-15
10.6                      -8.58489823877082E-16
10.700000000000001        -7.557422402073278E-15
10.8                      -1.4046695706872816E-14
10.9                      -1.6163184915597653E-14
11                        -9.750650426766037E-15
11.1                      6.83006445708867E-15
11.200000000000001        3.017188211638051E-14
11.3                      5.073960362346393E-14
11.399999999999999        5.469595473078968E-14
11.5                      2.92656998433654E-14
11.600000000000001        -2.9357335408520323E-14
11.7                      -1.0850346958378805E-13
11.8                      -1.7626185558246228E-13
11.9                      -1.8763456383204108E-13
12                        -1.0135373499524541E-13
12.100000000000001        9.552244674297728E-14
12.2                      3.6375126980842355E-13
12.3                      6.016712874746079E-13
12.4                      6.617744398269964E-13
12.499999999999998        4.011378988422563E-13
12.600000000000001        -2.4035657470388276E-13
12.700000000000001        -1.1577799748221387E-12
12.799999999999999        -2.0348891047584303E-12
12.9                      -2.3796880686908964E-12
13                        -1.6738221164823422E-12
13.100000000000001        3.7109462744833893E-13
13.200000000000001        3.5170841310052215E-12
13.299999999999999        6.7936508441743955E-12
13.4                      8.547905282433989E-12
13.5                      6.887704621337728E-12
13.6                      5.330417983840939E-13
13.700000000000001        -1.0117831268742791E-11
13.8                      -2.214067818826086E-11
13.899999999999999        -3.0048628628820606E-11
14                        -2.7099130268415234E-11
14.1                      -8.088584722694618E-12
14.200000000000001        2.6934072034538784E-11
14.3                      6.945413439855606E-11
14.399999999999999        1.0180521347411019E-10
14.5                      1.0091960037071808E-10
14.600000000000001        4.720123225180376E-11
14.7                      -6.31210573936154E-11
14.8                      -2.0663402989225575E-10
14.9                      -3.289505511707291E-10
14.999999999999998        -3.5488494921588246E-10
15.100000000000001        -2.1530793774358238E-10
15.2                      1.138092609968967E-10
15.299999999999999        5.73541936377836E-10
15.399999999999999        1.005554859778221E-9
15.5                      1.1772997992977166E-9
15.6                      8.587235070751235E-10
15.7                      -6.070798496448757E-11
15.8                      -1.452330590907469E-9
15.9                      -2.884761577418642E-9
16                        -3.67767503412612E-9
16.1                      -3.1067541656781294E-9
16.199999999999996        -7.357029335356552E-10
16.3                      3.2238018337315686E-9
16.400000000000002        7.686391826382083E-9
16.499999999999996        1.0777826584712097E-8
16.6                      1.0341424947443346E-8
16.7                      4.826788524786916E-9
16.799999999999997        -5.680991727401513E-9
16.900000000000002        -1.8714459525290753E-8
17                        -2.944486542732805E-8
17.1                      -3.181782413040214E-8
17.2                      -2.078480646347224E-8
17.3                      4.908291410716274E-9
17.400000000000002        4.0413069004093874E-8
17.5                      7.422469221956261E-8
17.6                      9.040712916364096E-8
17.7                      7.379796552387179E-8
17.8                      1.712826546686853E-8
17.900000000000002        -7.231976661129457E-8
18                        -1.6968115098047935E-7
18.099999999999998        -2.359597801094508E-7
18.2                      -2.291191412806858E-7
18.3                      -1.210736328030601E-7
18.4                      8.44353809333988E-8
18.5                      3.4046532917307035E-7
18.6                      5.594682298474348E-7
18.699999999999996        6.342132107072605E-7
18.8                      4.752309964535043E-7
18.900000000000002        5.527347919629202E-8
18.999999999999996        -5.552446848453298E-7
19.1                      -1.1800147046781317E-6
19.200000000000003        -1.56932138820976E-6
19.299999999999997        -1.4747668103860966E-6
19.400000000000002        -7.508737542879115E-7
19.5                      5.482533195017234E-7
19.6                      2.118180920769219E-6
19.700000000000003        3.4358976803597303E-6
19.8                      3.889978294941788E-6
19.900000000000002        2.9910799111852373E-6
20                        6.066628065735467E-7
20.1                      -2.864360505492971E-6
20.200000000000003        -6.465365123007073E-6
20.299999999999997        -8.863099373564271E-6
20.400000000000002        -8.73342316942191E-6
20.5                      -5.269130589788801E-6
20.599999999999998        1.3454333153158189E-6
20.700000000000003        9.683673636001729E-6
20.8                      1.721415271231446E-5
20.9                      2.0893701457637033E-5
21                        1.8133338354149143E-5
21.1                      7.890768294361986E-6
21.2                      -8.475592453333692E-6
21.3                      -2.6973884449572676E-5
21.400000000000002        -4.163238157295605E-5
21.499999999999996        -4.605714385189041E-5
21.6                      -3.558994045732572E-5
21.700000000000003        -9.463329045396538E-6
21.8                      2.781370360225035E-5
21.900000000000002        6.653996620588998E-5
22                        9.37451993095505E-5
22.1                      9.677420716429549E-5
22.2                      6.772936899899667E-5
22.3                      7.465105780865653E-6
22.400000000000002        -7.235072260244579E-5
22.499999999999996        -1.5030655292144778E-4
22.6                      -1.9988027564258543E-4
22.700000000000003        -1.9697078397621842E-4
22.799999999999997        -1.2852762986161507E-4
22.900000000000002        3.2175831717658215E-7
23                        1.6336900696298947E-4
23.099999999999998        3.1661575719368554E-4
23.200000000000003        4.081566281674231E-4
23.3                      3.92994680359938E-4
23.4                      2.4915196481606344E-4
23.5                      -9.80160254631604E-6
23.6                      -3.306204315096846E-4
23.7                      -6.278650857259641E-4
23.8                      -8.032256313356113E-4
23.900000000000002        -7.732361274628379E-4
24                        -4.985585531684885E-4
24.1                      -6.075377527107963E-6
24.200000000000003        6.045825566330962E-4
24.3                      0.0011753875436929001
24.4                      0.0015251472053645165
24.5                      0.0014992419017768913
24.6                      0.001021796090326209
24.7                      1.350622399750336E-4
24.8                      -9.883696806983564E-4
24.900000000000002        -0.0020696060995479934
24.999999999999996        -0.002783754536728752
25.1                      -0.0028457758283106406
25.200000000000003        -0.0021015866196652405
25.299999999999997        -5.987656013898093E-4
25.400000000000002        0.0013875753587805546
25.5                      0.003389625509505976
25.599999999999998        0.0048435752354940515
25.700000000000003        0.005231712392214033
25.8                      0.004237507573701338
25.9                      0.001871917730061385
26                        -0.001469870267612475
26.1                      -0.005049276361855242
26.200000000000003        -0.007927975587328278
26.299999999999997        -0.009191635313916209
26.400000000000002        -0.008204980172353913
26.5                      -0.004832908842462024
26.599999999999998        4.385428186369769E-4
26.700000000000003        0.00653036093443854
26.8                      0.011963511290652422
26.9                      0.015189885952026222
27                        0.01499309859717021
27.1                      0.010862248473947095
27.2                      0.0032351409273498766
27.3                      -0.0064723217646933656
27.400000000000002        -0.016088686459601202
27.499999999999996        -0.023138261307814052
27.6                      -0.025434895297338236
27.700000000000003        -0.02168340699599548
27.799999999999997        -0.011934470250758094
27.900000000000002        0.0022429135821023017
28                        0.017951555604175676
28.099999999999998        0.031516119197440726
28.2                      0.03929847056145441
28.3                      0.038605456977373484
28.400000000000002        0.028472964647657785
28.499999999999996        0.010116600418230162
28.6                      -0.013100821632049916
28.700000000000003        -0.03623117797449639
28.799999999999997        -0.053752611161166836
28.900000000000002        -0.06083211318427634
29                        -0.05455865356150646
29.099999999999998        -0.03484555418866666
29.200000000000003        -0.004751747235139178
29.3                      0.02991175078338974
29.4                      0.061664134295200235
29.5                      0.08293249543405237
29.6                      0.08779657619251308
29.7                      0.0735050718782366
29.8                      0.04139003344803345
29.900000000000002        -0.0030814654893341533
29.999999999999996        -0.05119667893465354
30.1                      -0.09269230235103602
30.200000000000003        -0.11792445736589921
30.299999999999997        -0.12005234487918487
30.4                      -0.09674371878780125
30.5                      -0.0509915929080158
30.599999999999998        0.009189035610673258
30.7                      0.07217569997043756
30.799999999999997        0.1250079419561433
30.9                      0.15605671422502895
31                        0.15753500351345107
31.099999999999998        0.12730775089309615
31.2                      0.06959461809359754
31.3                      -0.0056151594843636705
31.4                      -0.08434925375326259
31.5                      -0.15130198014052526
31.6                      -0.19282700156460172
31.7                      -0.19967758953703219
31.8                      -0.16894544419271043
31.900000000000002        -0.10480588446607522
32                        -0.017911032794234127
32.1                      0.07646443018993133
32.2                      0.16118037384528283
32.300000000000004        0.22037550412001744
32.39999999999999         0.24241209674157096
32.5                      0.2220747214943184
32.6                      0.16161816578557853
32.7                      0.07047432851573157
32.800000000000004        -0.03632589595418202
32.9                      -0.14072783600683958
32.99999999999999         -0.2247622372659933
33.1                      -0.2736375602915606
33.2                      -0.2782779566790816
33.300000000000004        -0.23687851685933692
33.4                      -0.15523055347829068
33.5                      -0.04578696194257678
33.599999999999994        0.07434988182989524
33.699999999999996        0.1861650417384404
33.800000000000004        0.2717386464026479
33.9                      0.31704859891281334
34                        0.3141467678253509
34.1                      0.262399707129125
34.2                      0.16863254512045575
34.3                      0.04617280273980285
34.4                      -0.08706095833274434
34.5                      -0.2111572325008823
34.6                      -0.3071385261098373
34.7                      -0.3598103895450223
34.800000000000004        -0.360122986777327
34.89999999999999         -0.3066839568175518
35                        -0.2061627550120312
35.1                      -0.07247667260420365
35.2                      0.07516755572450196
35.300000000000004        0.2151116257717281
35.4                      0.3265347400690211
35.49999999999999         0.39266627798034504
35.6                      0.4033869918619585
35.7                      0.35677803458739393
35.800000000000004        0.2593599597190429
35.9                      0.12499945459150506
36                        -0.027300084559776575
36.099999999999994        -0.1763185158549838
36.199999999999996        -0.30174236297091855
36.300000000000004        -0.3869875579521018
36.4                      -0.4213148939074164
36.5                      -0.4009917939451027
36.6                      -0.3294341078364873
36.7                      -0.21642096576784553
36.8                      -0.07658690733924968
36.9                      0.07255007134398815
37                        0.21275983944945215
37.1                      0.32723022689306747
37.2                      0.4024511325263609
37.300000000000004        0.4296842490371451
37.39999999999999         0.40588581617850966
37.5                      0.333991443821363
37.6                      0.22252704507887977
37.7                      0.08458035046467592
37.800000000000004        -0.06375374418289853
37.9                      -0.20526866449249476
37.99999999999999         -0.32364928133386145
38.099999999999994        -0.40533849864399485
38.2                      -0.44105131364974315
38.300000000000004        -0.4267784115483365
38.400000000000006        -0.36419244239787585
38.5                      -0.2604372028271075
38.599999999999994        -0.1273330063179102
38.699999999999996        0.019928843893794956
38.800000000000004        0.16449430963436637
38.900000000000006        0.2898080583295921
39                        0.38162780539330315
39.1                      0.4298409785131724
39.2                      0.4298055288002169
39.3                      0.38295852754715176
39.400000000000006        0.29652580150906976
39.5                      0.18232108976780803
39.6                      0.05481545327280372
39.7                      -0.07116356530324104
39.800000000000004        -0.18263585252094833
39.9                      -0.2701160915371885
40                        -0.32837979049862753
40.1                      -0.3562560315419075
40.2                      -0.35562078279514164
40.300000000000004        -0.3299816060204779
40.400000000000006        -0.28314166750068315
40.49999999999999         -0.21837315162227972
40.599999999999994        -0.1383329317029221
40.7                      -0.04567954684867532
40.800000000000004        0.055909508404892144
40.900000000000006        0.16078003636003763
41                        0.26086599374652664
41.1                      0.346084941904535
41.199999999999996        0.40560881213253164
41.300000000000004        0.4297686751268497
41.400000000000006        0.41213485059982247
41.5                      0.3512319657645111
41.6                      0.25142396086377716
41.7                      0.12270817373683662
41.8                      -0.020575001391341483
41.9                      -0.16185830261082104
42                        -0.2848596968208782
42.1                      -0.3760036489305935
42.2                      -0.4263195899272444
42.300000000000004        -0.4325201610764703
42.4                      -0.39713195871751006
42.49999999999999         -0.32771744724235563
42.6                      -0.23536348336941207
42.7                      -0.1327103401327062
42.800000000000004        -0.031855069005183416
42.900000000000006        0.05751591456735535
42.99999999999999         0.12943419704989312
43.099999999999994        0.18214510788522487
43.2                      0.21767980045736599
43.300000000000004        0.2405805308453556
43.400000000000006        0.25606070950666415
43.5                      0.26804910072727856
43.6                      0.2776409233943469
43.699999999999996        0.2824166110687428
43.800000000000004        0.2768871065022113
43.900000000000006        0.2540241584208198
44                        0.20751556257754172
44.1                      0.13414531212252695
44.2                      0.035618344122936504
44.3                      -0.08073485101153516
44.4                      -0.20265166814273772
44.5                      -0.3149293231875818
44.6                      -0.4022594755439562
44.7                      -0.4522212695141612
44.800000000000004        -0.45771394535356197
44.9                      -0.41827367134405535
44.99999999999999         -0.34002345668532785
45.1                      -0.23435248024930433
45.2                      -0.11570885753521601
45.300000000000004        9.564637727577912E-4
45.400000000000006        0.10256087037662998
45.49999999999999         0.17967474780005682
45.599999999999994        0.22751401248704095
45.7                      0.24612277119663714
45.800000000000004        0.23985707767621833
45.900000000000006        0.2163356709254345
46                        0.18502525733709788
46.1                      0.15561544762703955
46.199999999999996        0.13634601178381828
46.3                      0.13248648223927215
46.400000000000006        0.14521456081051626
46.5                      0.17115375057110968
46.6                      0.20277140703077445
46.7                      0.22968959119308935
46.8                      0.24074522639365362
46.9                      0.22641263057907984
47                        0.18104803035080752
47.1                      0.10439832098934027
47.2                      0.0019618010924465704
47.300000000000004        -0.11593105206317275
47.4                      -0.23611113654548752
47.49999999999999         -0.34514126702661874
47.6                      -0.43181374394314664
47.7                      -0.4889616390951519
47.800000000000004        -0.5141848887544518
47.900000000000006        -0.5094145455738103
48                        -0.47956460696124836
48.099999999999994        -0.4307487882582279
48.2                      -0.36860457471981894
48.300000000000004        -0.2971618215667377
48.400000000000006        -0.2184681922141981
48.5                      -0.13292494359898177
48.6                      -0.04008306300426721
48.699999999999996        0.06043846621953487
48.8                      0.16821157503293563
48.900000000000006        0.2816042453946106
49                        0.39774415962690673
49.1                      0.5127352671352027
49.2                      0.6219822659802888
49.3                      0.7205171255839011
49.4                      0.8033038294451703
49.5                      0.8655701802295124
49.6                      0.9032351593189893
49.7                      0.9134526565373424
49.800000000000004        0.8951992957317807
49.900000000000006        0.8497439470999548
49.99999999999999         0.7808019484131973
50.1                      0.6942298927733861
50.2                      0.597251321076187
50.300000000000004        0.4973754677739217
50.400000000000006        0.4013134404734412
50.5                      0.3142461191881027
50.599999999999994        0.23972371887068689
50.699999999999996        0.18029269581719615
50.800000000000004        0.13870944470487312
50.900000000000006        0.11939340187988032
51                        0.12966942273757792
51.1                      0.18039039553837186
51.199999999999996        0.28570564484855143
51.3                      0.4619921409101697
51.400000000000006        0.7262121440400036
51.5                      1.094125826940589
51.6                      1.5788255235663555
51.7                      2.189969619255737
51.8                      2.9339194417276873
51.9                      3.8147836859470465
52                        4.836209389498643
52.1                      6.003658938157752
52.2                      7.326879733307619
52.300000000000004        8.822283824033255
52.400000000000006        10.514980190055189
52.49999999999999         12.440226796204955
52.599999999999994        14.644100169809846
52.7                      17.183242399723188
52.800000000000004        20.123665578944056
52.900000000000006        23.538778220797223
53                        27.507019073667802
53.099999999999994        32.10967971785432
53.199999999999996        37.42959221965851
53.300000000000004        43.551290878858985
53.400000000000006        50.56301095733599
53.5                      58.560505269401084
53.6                      67.65223806292843
53.699999999999996        77.96517634202245
53.8                      89.65024801351166
53.900000000000006        102.88662726031205
54                        117.88432019456987
54.1                      134.8849698593844
54.2                      154.16125212278007
54.3                      176.01556994725743
54.4                      200.7788934263549
54.5                      228.8105228641721
54.6                      260.4993206678932
54.7                      296.26665123128714
54.800000000000004        336.5709747033363
54.900000000000006        381.9138198836871
54.99999999999999         432.8467291858839
55.099999999999994        489.9787031785707
55.2                      553.9836371762908
55.300000000000004        625.6072123572652
55.400000000000006        705.6726816216436
55.5                      795.0850060008878
55.599999999999994        894.8328906365819
55.699999999999996        1005.9884632329367
55.800000000000004        1129.7046172276732
55.900000000000006        1267.2103478255656
56                        1419.8046542465609
56.1                      1588.8496814676769
56.199999999999996        1775.7636817132766
56.3                      1982.0141019463067
56.4                      2209.1107209851407
56.5                      2458.598378602962
56.6                      2732.0485688281256
56.7                      3031.049082239953
56.800000000000004        3357.1909877326457
56.9                      3712.05249316372
56.99999999999999         4097.179530234169
57.1                      4514.063185175735
57.2                      4964.114289029118
57.300000000000004        5448.635583412425
57.400000000000006        5968.791925036123
57.49999999999999         6525.579036361355
57.599999999999994        7119.791387494313
57.7                      7751.989905850892
57.800000000000004        8422.470316919054
57.900000000000006        9131.23296355662
58                        9877.954886299374
58.099999999999994        10661.964766814974
58.199999999999996        11482.221086136984
58.300000000000004        12337.29361257286
58.400000000000006        13225.348200843753
58.5                      14144.134909791774
58.6                      15090.979624150306
58.699999999999996        16062.779623675153
58.8                      17056.003766749425
58.9                      18066.698035743346
59                        19090.497068773668
59.1                      20122.641996467308
59.2                      21158.00450736401
59.300000000000004        22191.11671578989
59.4                      23216.206221102144
59.49999999999999         24227.235781830343
59.6                      25217.947246330765
59.7                      26181.909667349042
59.800000000000004        27112.571730654323
59.900000000000006        28003.31862315289
59.99999999999999         28847.53320791669
60.099999999999994        29638.660917616617
60.2                      30370.27726176592
60.300000000000004        31036.15643523263
60.400000000000006        31630.339349018104
60.5                      32147.19952579181
60.599999999999994        32581.505654248078
60.699999999999996        32928.48004016595
60.8                      33183.85256623053
60.900000000000006        33343.90995584338
61                        33405.54009400432
61.099999999999994        33366.27095329269
61.199999999999996        33224.303433763715
61.3                      32978.537290399945
61.4                      32628.589379450426
61.49999999999999         32174.803709201762
61.599999999999994        31618.253151726007
61.699999999999996        30960.733034493063
61.8                      30204.747069452584
61.9                      29353.486137539312
62                        28410.800355478445
62.10000000000001         27381.164702314112
62.199999999999996        26269.638389363165
62.3                      25081.81820091056
62.4                      23823.786225307733
62.5                      22502.052673764905
62.6                      21123.494739148548
62.7                      19695.2925784524
62.8                      18224.863464610415
62.9                      16719.794978426235
63                        15187.777896301239
63.1                      13636.539289847495
63.2                      12073.77636817654
63.300000000000004        10507.091763549746
63.4                      8943.931203263493
63.5                      7391.524691766877
63.6                      5856.83232253318
63.7                      4346.495592591085
63.800000000000004        2866.7946476788743
63.900000000000006        1423.6113761049232
64                        22.397866776298713
64.1                      -1331.8504082005095
64.2                      -2634.6171852718717
64.3                      -3881.8839056467523
64.4                      -5070.143808061352
64.5                      -6196.410990455651
64.60000000000001         -7258.223751788164
64.7                      -8253.641759497405
64.79999999999998         -9181.237037824185
64.9                      -10040.079275388147
65                        -10829.716331757105
65.10000000000001         -11550.15096557615
65.2                      -12201.814698488906
65.29999999999998         -12785.539460436263
65.4                      -13302.527382127771
65.5                      -13754.318948076756
65.60000000000001         -14142.759764008686
65.7                      -14469.966390144122
65.8                      -14738.29192857118
65.9                      -14950.29218377332
65.99999999999999         -15108.693137581355
66.10000000000001         -15216.360183014742
66.2                      -15276.269137305382
66.3                      -15291.478660438086
66.4                      -15265.10349919989
66.5                      -15200.288047550774
66.60000000000001         -15100.180043852055
66.69999999999999         -14967.904693083361
66.8                      -14806.53993153718
66.9                      -14619.093781443866
67                        -14408.484690016987
67.10000000000001         -14177.525435168784
67.19999999999999         -13928.910724694757
67.3                      -13665.208174497664
67.39999999999999         -13388.852058904746
67.5                      -13102.139143945635
67.60000000000001         -12807.226015998149
67.7                      -12506.12751196418
67.8                      -12200.716035757145
67.89999999999999         -11892.721637305469
68                        -11583.73272754464
68.10000000000001         -11275.197259968332
68.2                      -10968.424206607968
68.3                      -10664.585253123145
68.4                      -10364.71683529282
68.5                      -10069.722872518743
68.6                      -9780.37871669415
68.7                      -9497.336827348494
68.8                      -9221.134462479808
68.9                      -8952.203278649911
69                        -8690.880279990644
69.1                      -8437.419196227052
69.2                      -8192.001235765716
69.3                      -7954.74430966697
69.4                      -7725.710217513677
69.5                      -7504.909804631885
69.60000000000001         -7292.306580446173
69.7                      -7087.819587458414
69.79999999999998         -6891.326354417655
69.9                      -6702.666569463545
70                        -6521.646759252659
70.10000000000001         -6348.045885356931
70.2                      -6181.621485454209
70.29999999999998         -6022.115860503925
70.4                      -5869.26184247321
70.49999999999999         -5722.787819516697
70.60000000000001         -5582.421872435265
70.7                      -5447.895022627004
70.8                      -5318.9436744035775
70.9                      -5195.311356949203
70.99999999999999         -5076.7498613413545
71.10000000000001         -4963.019857977682
71.2                      -4853.891087553577
71.3                      -4749.142241428915
71.4                      -4648.560666400631
71.5                      -4551.942024622567
71.60000000000001         -4459.0900040601555
71.69999999999999         -4369.816119182643
71.8                      -4283.939589822907
71.9                      -4201.287262845589
72                        -4121.69355695444
72.10000000000001         -4045.0004542420484
72.19999999999999         -3971.057603125928
72.3                      -3899.722601748388
72.39999999999999         -3830.861477941444
72.5                      -3764.3492779880644
72.60000000000001         -3700.0705576985138
72.7                      -3637.919489715344
72.8                      -3577.799310667886
72.89999999999999         -3519.6209542001143
73                        -3463.3009327893024
73.10000000000001         -3408.7587834002406
73.2                      -3355.9145960440937
73.3                      -3304.6872209112694
73.4                      -3254.993652952944
73.5                      -3206.7498298121636
73.6                      -3159.8727128936616
73.7                      -3114.2831546494044
73.8                      -3069.9087993564253
73.9                      -3026.6862052721854
74                        -2984.5615443064
74.1                      -2943.4895959618625
74.2                      -2903.43121128166
74.29999999999998         -2864.349853037921
74.4                      -2826.2080969519297
74.5                      -2788.9650213538853
74.60000000000001         -2752.575200093503
74.7                      -2716.9895981702603
74.79999999999998         -2682.158162282641
74.9                      -2648.0334382077554
75                        -2614.5742618742124
75.10000000000001         -2581.7485424496695
75.2                      -2549.534394357426
75.29999999999998         -2517.9193168521515
75.4                      -2486.897643112946
75.49999999999999         -2456.466940536344
75.60000000000001         -2426.6243121375355
75.7                      -2397.3635517186167
75.8                      -2368.6738440874124
75.9                      -2340.5402525540226
75.99999999999999         -2312.945728616098
76.10000000000001         -2285.873957906442
76.19999999999999         -2259.3121400464
76.3                      -2233.2528451626936
76.4                      -2207.694377158048
76.5                      -2182.63951485179
76.60000000000001         -2158.092966795267
76.69999999999999         -2134.0582316797877
76.80000000000001         -2110.5347079767234
76.9                      -2087.5158105520472
77                        -2064.9885640578577
77.10000000000001         -2042.9347427206765
77.19999999999999         -2021.3332281556304
77.30000000000001         -2000.162965712837
77.39999999999999         -1979.4057823198725
77.5                      -1959.0483995147272
77.60000000000001         -1939.0831996627621
77.7                      -1919.5076132239233
77.80000000000001         -1900.3223114699256
77.89999999999999         -1881.5286430999874
78                        -1863.1258986351131
78.1                      -1845.1090042950577
78.2                      -1827.467142604859
78.30000000000001         -1810.1835942071266
78.4                      -1793.2368318933695
78.5                      -1776.6026216750556
78.6                      -1760.2566516078684
78.7                      -1744.177072050701
78.80000000000001         -1728.3463345258776
78.9                      -1712.751877119028
79                        -1697.385499385202
79.1                      -1682.241632354393
79.2                      -1667.3150402940728
79.3                      -1652.5986852172582
79.4                      -1638.0824667164986
79.5                      -1623.7533033011234
79.60000000000001         -1609.596607008744
79.7                      -1595.5987443918825
79.8                      -1581.7497245082004
79.9                      -1568.0452340633894
80                        -1554.4873051675872
80.10000000000001         -1541.083309680355
80.2                      -1527.8434967949072
80.30000000000001         -1514.7777546335253
80.4                      -1501.8925266136157
80.49999999999999         -1489.1887668173808
80.60000000000001         -1476.6614958638684
80.7                      -1464.3010339813936
80.80000000000001         -1452.0955053367595
80.9                      -1440.0338803340137
80.99999999999999         -1428.1087385052142
81.10000000000001         -1416.3180906012335
81.19999999999999         -1404.6659113250503
81.30000000000001         -1393.161381751091
81.4                      -1381.8171138177322
81.5                      -1370.6467720257606
81.60000000000001         -1359.6625271192966
81.69999999999999         -1348.8727248356176
81.80000000000001         -1338.2800878909698
81.89999999999999         -1327.8807200058725
82                        -1317.6641318587588
82.10000000000001         -1307.6144155143606
82.2                      -1297.7125166786323
82.30000000000001         -1287.9392961974038
82.39999999999999         -1278.2787966062465
82.5                      -1268.720944218584
82.60000000000001         -1259.262930622098
82.7                      -1249.9087833299682
82.80000000000001         -1240.6671135228582
82.89999999999999         -1231.5475832824272
83                        -1222.5570752525462
83.1                      -1213.6967014602074
83.2                      -1204.9605723432082
83.30000000000001         -1196.3367112690757
83.4                      -1187.809816471095
83.5                      -1179.3649772218378
83.6                      -1170.9911552915046
83.7                      -1162.6833512955634
83.8                      -1154.4428462316334
83.9                      -1146.2755682159275
84                        -1138.1892461896246
84.10000000000001         -1130.1903658870424
84.2                      -1122.2819322706482
84.3                      -1114.4626981330402
84.4                      -1106.7279881115064
84.5                      -1099.0717301796587
84.60000000000001         -1091.4889747601185
84.7                      -1083.9781190919362
84.8                      -1076.542238224062
84.9                      -1069.1892487441298
84.99999999999999         -1061.930964008784
85.10000000000001         -1054.7813361188514
85.2                      -1047.7542797233662
85.30000000000001         -1040.8614595908693
85.4                      -1034.1103567365553
85.49999999999999         -1027.5028611109885
85.60000000000001         -1021.0345925093752
85.7                      -1014.6951059901878
85.80000000000001         -1008.4690545147563
85.9                      -1002.3382330900087
85.99999999999999         -996.2842274238787
86.10000000000001         -990.2911916683174
86.19999999999999         -984.3481635950491
86.30000000000001         -978.4503586374092
86.4                      -972.5990869717436
86.5                      -966.800267673143
86.60000000000001         -961.0618763961722
86.69999999999999         -955.3909451354891
86.80000000000001         -949.7908454525596
86.89999999999999         -944.2594977356066
87                        -938.7888926852197
87.10000000000001         -933.3659721131626
87.2                      -927.9745966234752
87.30000000000001         -922.5981115939733
87.39999999999999         -917.2219508363185
87.5                      -911.8357818364458
87.60000000000001         -906.4348543591408
87.7                      -901.0204086376358
87.80000000000001         -895.5991807322141
87.89999999999999         -890.1821802235945
88                        -884.7829983343596
88.1                      -879.415935474329
88.2                      -874.0942245254216
88.30000000000001         -868.8285796313727
88.4                      -863.6262303227545
88.5                      -858.4905199144405
88.6                      -853.4210692372237
88.7                      -848.4144440325729
88.8                      -843.4652221972843
88.9                      -838.5673316364121
89                        -833.7155101235508
89.10000000000001         -828.9067155502919
89.2                      -824.1412884190331
89.3                      -819.4236528452492
89.4                      -814.7623620782779
89.5                      -810.1693711069233
89.60000000000001         -805.6585552644888
89.7                      -801.2436647356725
89.8                      -796.9360606392116
89.9                      -792.7426619020591
89.99999999999999         -788.6645043830028
90.10000000000001         -784.6961743286251
90.2                      -780.8261708011792
90.30000000000001         -777.0380482968126
90.4                      -773.3120614599284
90.49999999999999         -769.6270146379261
90.60000000000001         -765.9620944917953
90.69999999999999         -762.2985740761903
90.80000000000001         -758.6213477644205
90.9                      -754.9202399839517
90.99999999999999         -751.1909341576276
91.10000000000001         -747.4352566483659
91.19999999999999         -743.660518174079
91.30000000000001         -739.877736719133
91.4                      -736.0988502231016
91.5                      -732.3333977271236
91.60000000000001         -728.5854627387804
91.69999999999999         -724.8517814833359
91.80000000000001         -721.1217293795889
91.89999999999999         -717.3794284431864
92                        -713.6075995565736
92.10000000000001         -709.7922232268799
92.2                      -705.9267728240198
92.30000000000001         -702.0148624748754
92.39999999999999         -698.0705906274695
92.5                      -694.1165127930009
92.6                      -690.1798232638548
92.7                      -686.2877584388027
92.80000000000001         -682.4633366202784
92.89999999999999         -678.7223307558376
93                        -675.0719512384942
93.1                      -671.5112637643055
93.2                      -668.0330242518587
93.30000000000001         -664.6264408311492
93.4                      -661.2803445555462
93.5                      -657.9862852536837
93.6                      -654.7410928561609
93.7                      -651.548440521036
93.8                      -648.4189667190487
93.9                      -645.3686489998489
94                        -642.415436825076
94.10000000000001         -639.5746241762905
94.2                      -636.8539475498819
94.3                      -634.2497314404877
94.4                      -631.7453791522394
94.5                      -629.3130313474297
94.60000000000001         -626.9183638160833
94.7                      -624.5275109681479
94.8                      -622.114316738663
94.9                      -619.6658350508462
94.99999999999999         -617.1843801305671
95.10000000000001         -614.6853889816877
95.2                      -612.1916142901166
95.30000000000001         -609.7253046524659
95.4                      -607.300663422408
95.49999999999999         -604.9187866045802
95.60000000000001         -602.5664915341792
95.69999999999999         -600.2192289271769
95.80000000000001         -597.8470321064717
95.9                      -595.4216056755528
96                        -592.9224519062882
96.10000000000001         -590.3404050650897
96.19999999999999         -587.6778897603723
96.30000000000001         -584.9462902232185
96.4                      -582.1616486158204
96.5                      -579.3402500138958
96.60000000000001         -576.4954393954979
96.69999999999999         -573.6363880035836
96.80000000000001         -570.7687495466099
96.89999999999999         -567.8965108100813
97                        -565.0240532114145
97.10000000000001         -562.1575585552495
97.2                      -559.3053146639354
97.30000000000001         -556.4770017269229
97.39999999999999         -553.6824479283368
97.5                      -550.9304821046294
97.6                      -548.2283537013121
97.7                      -545.5818335839026
97.80000000000001         -542.9957294530877
97.9                      -540.4743251193061
98                        -538.0212890559483
98.1                      -535.6388823235815
98.2                      -533.3267035750312
98.3                      -531.0805518661223
98.4                      -528.8920958324196
98.5                      -526.7498319475062
98.6                      -524.6413488141599
98.7                      -522.5563615844138
98.8                      -520.4895682779699
98.9                      -518.4422984504286
99                        -516.4222444787965
99.10000000000001         -514.4411972672928
99.2                      -512.5114268400697
99.3                      -510.6418766072049
99.4                      -508.835457683987
99.49999999999999         -507.0883668933189
99.60000000000001         -505.39162741082055
99.7                      -503.7342327945022
99.80000000000001         -502.106679844777
99.9                      -500.50354145614006
99.99999999999999         -498.92411758639935
