0                         3.106674813873797E-51
0.09999999999999999       -3.176358326803889E-39
0.19999999999999998       -4.915429564114624E-38
0.30000000000000004       4.929789786560586E-37
0.39999999999999997       -1.0893480267893697E-36
0.5                       -2.568599980834709E-36
0.6000000000000001        1.1344868502034147E-35
0.7000000000000001        1.0076561274827118E-35
0.7999999999999999        -6.691861017448989E-35
0.8999999999999999        -6.000008726557187E-35
1                         2.972419073084592E-34
1.1                       4.249259938744851E-34
1.2000000000000002        -9.42279032474396E-34
1.3                       -2.440420486198825E-33
1.4000000000000001        1.2738182209410791E-33
1.5                       1.0045542144552259E-32
1.5999999999999999        6.633523516460365E-33
1.7                       -2.5666323616330616E-32
1.7999999999999998        -5.294947655712477E-32
1.9                       1.210156267511103E-32
2                         1.77225757044354E-31
2.0999999999999996        2.0902584857179963E-31
2.2                       -2.161209522085873E-31
2.3                       -9.083987312874404E-31
2.4000000000000004        -7.5690546175441905E-31
2.5                       1.3231523565280793E-30
2.6                       4.0859500998468955E-30
2.7                       2.9718796113196414E-30
2.8000000000000003        -5.835884753761623E-30
2.9000000000000004        -1.710689613524017E-29
3                         -1.349254731709955E-29
3.1                       2.008138893384285E-29
3.1999999999999997        6.70681367424195E-29
3.3000000000000003        6.550609183030489E-29
3.4                       -4.846356313521615E-29
3.5                       -2.3979459260384216E-28
3.5999999999999996        -3.054476164239715E-28
3.7                       2.0171701829369477E-29
3.8                       7.4040619927320185E-28
3.9                       1.2765167290192374E-27
4                         6.168425950052166E-28
4.1000000000000005        -1.7525897310020377E-27
4.199999999999999         -4.559811892772713E-27
4.3                       -4.455407541538939E-27
4.4                       1.825874901291049E-27
4.5                       1.3070481000498907E-26
4.6                       2.0255103010334194E-26
4.7                       9.58561917177378E-27
4.800000000000001         -2.5328993371673357E-26
4.9                       -6.776543887009776E-26
5                         -7.399054318184523E-26
5.1000000000000005        2.4242974751444047E-27
5.2                       1.586524440759219E-25
5.3                       2.95875449583481E-25
5.4                       2.3596930979595048E-25
5.5                       -1.5612704337953045E-25
5.6000000000000005        -7.791689720804042E-25
5.699999999999999         -1.1759114895627397E-24
5.800000000000001         -6.853703474940875E-25
5.9                       1.0424363991570282E-24
6                         3.3780049055574264E-24
6.1                       4.447267716835039E-24
6.2                       1.9108705588501857E-24
6.300000000000001         -5.0651450731546675E-24
6.3999999999999995        -1.3571925072713154E-23
6.5                       -1.6456213646362826E-23
6.6000000000000005        -5.5863731440404925E-24
6.7                       2.1013005331076345E-23
6.8                       5.1723574321165914E-23
6.9                       6.049563286865883E-23
7                         1.9082431719319745E-23
7.1000000000000005        -7.807151827924069E-23
7.199999999999999         -1.8890286538527843E-22
7.300000000000001         -2.2190455126148696E-22
7.4                       -7.839586959383186E-23
7.499999999999999         2.6315239091949046E-22
7.6                       6.625236621772152E-22
7.699999999999999         8.087468745721158E-22
7.8                       3.561533979829377E-22
7.9                       -7.9781932583249625E-22
8                         -2.2234201450421207E-21
8.099999999999998         -2.900933216583403E-21
8.200000000000001         -1.6274949119082627E-21
8.3                       2.0962150518829582E-21
8.399999999999999         7.080804841598675E-21
8.5                       1.0121498571056962E-20
8.6                       7.110373485262067E-21
8.700000000000001         -4.241354681363347E-21
8.8                       -2.110367416583887E-20
8.9                       -3.3927540946478713E-20
9                         -2.91194195827282E-20
9.1                       3.0049656195578E-21
9.2                       5.749818842013744E-20
9.3                       1.0783198262159757E-19
9.4                       1.109747015074679E-19
9.499999999999998         2.9163007404877936E-20
9.600000000000001         -1.3672519796245305E-19
9.700000000000001         -3.198957080679471E-19
9.8                       -3.918167525496703E-19
9.9                       -2.1666296744283947E-19
10                        2.5051694502768376E-19
10.100000000000001        8.660146506314516E-19
10.200000000000001        1.273785897561109E-18
10.299999999999999        1.0238822346865699E-18
10.4                      -1.590129623227274E-19
10.5                      -2.0542434391943554E-18
10.6                      -3.770943584678698E-18
10.700000000000001        -3.944272627458495E-18
10.8                      -1.4025350288980599E-18
10.9                      3.867613841446298E-18
11                        9.952961582448437E-18
11.1                      1.3110790126204607E-17
11.200000000000001        9.209913152099572E-18
11.3                      -3.646063938330809E-18
11.399999999999999        -2.2393580170969992E-17
11.5                      -3.799134376934667E-17
11.600000000000001        -3.784654793136893E-17
11.7                      -1.2125913511420968E-17
11.8                      3.796223978073756E-17
11.9                      9.427196062355089E-17
12                        1.2352081528873747E-16
12.100000000000001        9.009129069512647E-17
12.2                      -2.2172670662953508E-17
12.3                      -1.8815287319688548E-16
12.4                      -3.3364387238281336E-16
12.499999999999998        -3.543700161167668E-16
12.600000000000001        -1.6467372860822399E-16
12.700000000000001        2.3842135095013483E-16
12.799999999999999        7.273396599299525E-16
12.9                      1.0505557585598976E-15
13                        9.185528697260229E-16
13.100000000000001        1.585639515333852E-16
13.200000000000001        -1.1194501642370915E-15
13.299999999999999        -2.438972208498215E-15
13.4                      -3.0465187725999738E-15
13.5                      -2.208904551557142E-15
13.6                      3.5194678320767417E-16
13.700000000000001        4.069875643403809E-15
13.8                      7.434955683602586E-15
13.899999999999999        8.377467441468026E-15
14                        5.147670653806551E-15
14.1                      -2.5655952063284782E-15
14.200000000000001        -1.2780261709587387E-14
14.3                      -2.1211392614085355E-14
14.399999999999999        -2.248688532675713E-14
14.5                      -1.2482883354522689E-14
14.600000000000001        8.955906579974778E-15
14.7                      3.614799886684115E-14
14.8                      5.786664962498672E-14
14.9                      6.054159641393852E-14
14.999999999999998        3.39828867352681E-14
15.100000000000001        -2.2136825421139217E-14
15.2                      -9.384666465128415E-14
15.299999999999999        -1.5340305393799654E-13
15.399999999999999        -1.665060762581536E-13
15.5                      -1.0555647679913971E-13
15.6                      3.463299740860743E-14
15.7                      2.2469519363201397E-13
15.8                      3.989331972549203E-13
15.9                      4.689570174185423E-13
16                        3.5330679246986596E-13
16.1                      1.7181500232735623E-14
16.199999999999996        -4.903507877473021E-13
16.3                      -1.0188510790479528E-12
16.400000000000002        -1.3355439063444171E-12
16.499999999999996        -1.1901967681496121E-12
16.6                      -4.1989993409112465E-13
16.7                      9.328594356331772E-13
16.799999999999997        2.5354138828366992E-12
16.900000000000002        3.76979108550814E-12
17                        3.872631007709763E-12
17.1                      2.216785998192175E-12
17.2                      -1.3226882249851464E-12
17.3                      -6.047644330468613E-12
17.400000000000002        -1.0339650735186963E-11
17.5                      -1.195304674103006E-11
17.6                      -8.76313144074943E-12
17.7                      1.5515689377421133E-13
17.8                      1.3471808870393781E-11
17.900000000000002        2.7096757938571214E-11
18                        3.475285335967039E-11
18.099999999999998        2.989131097935838E-11
18.2                      8.686205887930782E-12
18.3                      -2.6815609215386047E-11
18.4                      -6.683946784027356E-11
18.5                      -9.483867257684265E-11
18.6                      -9.21292795362998E-11
18.699999999999996        -4.569687141372358E-11
18.8                      4.309320209858152E-11
18.900000000000002        1.52611839893507E-10
18.999999999999996        2.419543802129373E-10
19.1                      2.613631424758941E-10
19.200000000000003        1.7130025172467416E-10
19.299999999999997        -3.5012047830479037E-11
19.400000000000002        -3.145657266756664E-10
19.5                      -5.731963858734269E-10
19.6                      -6.869141146425291E-10
19.700000000000003        -5.453894671211621E-10
19.8                      -1.0671984420829506E-10
19.900000000000002        5.567537460677033E-10
20                        1.2455384114259346E-9
20.1                      1.671260000869398E-9
20.200000000000003        1.54840293870024E-9
20.299999999999997        7.190114237634682E-10
20.400000000000002        -7.320150077488094E-10
20.5                      -2.4243117950140233E-9
20.599999999999998        -3.736839926943289E-9
20.700000000000003        -3.98396048886051E-9
20.8                      -2.6796197352860035E-9
20.9                      1.918132562735037E-10
21                        4.008818013005397E-9
21.1                      7.552908022733666E-9
21.2                      9.305347567927587E-9
21.3                      7.960282936367703E-9
21.400000000000002        3.014247267454799E-9
21.499999999999996        -4.78022673179541E-9
21.6                      -1.3316821381919472E-8
21.700000000000003        -1.953600665774891E-8
21.8                      -2.03122077661476E-8
21.900000000000002        -1.362517038632209E-8
22                        3.4938746248006493E-10
22.1                      1.8660491525789773E-8
22.2                      3.586620348916133E-8
22.3                      4.5307106635537685E-8
22.400000000000002        4.116930304720712E-8
22.499999999999996        2.0807922407484408E-8
22.6                      -1.341705903536281E-8
22.700000000000003        -5.355278505704092E-8
22.799999999999997        -8.723296839131407E-8
22.900000000000002        -1.006809814562649E-7
23                        -8.300985466343023E-8
23.099999999999998        -3.074661913783577E-8
23.200000000000003        4.8829532790864575E-8
23.3                      1.3693463602327456E-7
23.4                      2.0607918967754682E-7
23.5                      2.2655306874291578E-7
23.6                      1.7562773052451058E-7
23.7                      4.7368360103318425E-8
23.8                      -1.399132870040053E-7
23.900000000000002        -3.4177211613353847E-7
24                        -4.938283361740683E-7
24.1                      -5.268169264579131E-7
24.200000000000003        -3.885763692455029E-7
24.3                      -6.798889620762941E-8
24.4                      3.866850854900034E-7
24.5                      8.635635618515812E-7
24.6                      1.2037273465549363E-6
24.7                      1.2404692876250513E-6
24.8                      8.555263831785679E-7
24.900000000000002        3.825476557047059E-8
24.999999999999996        -1.072640871798793E-6
25.1                      -2.186332296094971E-6
25.200000000000003        -2.9110096928528908E-6
25.299999999999997        -2.8593192596328687E-6
25.400000000000002        -1.7884923020405641E-6
25.5                      2.6410934077914187E-7
25.599999999999998        2.9010450394183007E-6
25.700000000000003        5.388076891583773E-6
25.8                      6.806034318152824E-6
25.9                      6.317668339145708E-6
26                        3.489594324931343E-6
26.1                      -1.4292434290260273E-6
26.200000000000003        -7.385488591098473E-6
26.299999999999997        -1.2646058466794205E-5
26.400000000000002        -1.519817645687346E-5
26.5                      -1.3363598898691172E-5
26.599999999999998        -6.472946755197682E-6
26.700000000000003        4.617611160511915E-6
26.8                      1.7389082132068798E-5
26.9                      2.805110726631298E-5
27                        3.24687434717541E-5
27.1                      2.74503808536089E-5
27.2                      1.2056813972259964E-5
27.3                      -1.1499338334783525E-5
27.400000000000002        -3.776270256335523E-5
27.499999999999996        -5.8979917378519665E-5
27.6                      -6.702204973730964E-5
27.700000000000003        -5.589653668289344E-5
27.799999999999997        -2.418293356761628E-5
27.900000000000002        2.3398628511994523E-5
28                        7.59796629495732E-5
28.099999999999998        1.184542470921356E-4
28.2                      1.3514985147419217E-4
28.3                      1.1452326078724949E-4
28.400000000000002        5.367451065737278E-5
28.499999999999996        -3.873419620497489E-5
28.6                      -1.4239284828003614E-4
28.700000000000003        -2.2874922361135373E-4
28.799999999999997        -2.6766613194020925E-4
28.900000000000002        -2.360730478037428E-4
29                        -1.2648849792991807E-4
29.099999999999998        4.714164543911271E-5
29.200000000000003        2.4862178521932633E-4
29.3                      4.250761982118732E-4
29.4                      5.187136963782249E-4
29.5                      4.8272090969755677E-4
29.6                      2.975328400299935E-4
29.7                      -1.7231600031699442E-5
29.8                      -3.996660833195057E-4
29.900000000000002        -7.542024118059644E-4
29.999999999999996        -9.720355220258571E-4
30.1                      -9.599319724960991E-4
30.200000000000003        -6.707607587864134E-4
30.299999999999997        -1.2711832923636556E-4
30.4                      5.703867923311855E-4
30.5                      0.0012558549226477523
30.599999999999998        0.0017324299894695132
30.7                      0.0018225706028920528
30.799999999999997        0.001422726156316497
30.9                      5.473319719402715E-4
31                        -6.526920568412575E-4
31.099999999999998        -0.0019070205177682143
31.2                      -0.0028800782157966005
31.3                      -0.00325324631786933
31.4                      -0.00281644684877825
31.5                      -0.001544683031142375
31.6                      3.644336288692773E-4
31.7                      0.002508693738144308
31.8                      0.004358112600786456
31.900000000000002        0.005377847661008758
32                        0.005170007615060888
32.1                      0.0035984759961955855
32.2                      8.611081739102054E-4
32.300000000000004        -0.0025163236387506136
32.39999999999999         -0.005772073240578155
32.5                      -0.008072098394473684
32.6                      -0.008711265402332203
32.7                      -0.0073049850065279
32.800000000000004        -0.003922319204350079
32.9                      8.780697528110094E-4
32.99999999999999         0.006127120234799992
33.1                      0.010631310231014008
33.2                      0.013230834024643236
33.300000000000004        0.01307590050935923
33.4                      0.009858685196687917
33.5                      0.003943735482074601
33.599999999999994        -0.003642040811002561
33.699999999999996        -0.011370595826137288
33.800000000000004        -0.017503536420447944
33.9                      -0.02046055240236965
34                        -0.01919174214303422
34.1                      -0.013471993949912749
34.2                      -0.00404413282252091
34.3                      0.0074372577172776635
34.4                      0.018670958344016948
34.5                      0.027147672972738617
34.6                      0.03068376301919393
34.7                      0.027941421217456783
34.800000000000004        0.018816997341666617
34.89999999999999         0.0045956254465667114
35                        -0.01218768867787913
35.1                      -0.028179520559903908
35.2                      -0.039863691071997914
35.300000000000004        -0.0443145452777983
35.4                      -0.03988715556086404
35.49999999999999         -0.026684456859540996
35.6                      -0.006679656391550367
35.7                      0.016558176172805732
35.800000000000004        0.03850133699590333
35.9                      0.054546576344999737
36                        0.060967041077490486
36.099999999999994        0.05573371430044568
36.199999999999996        0.03902828132804392
36.300000000000004        0.013329856923445325
36.4                      -0.016955801168217443
36.5                      -0.04626316865963905
36.6                      -0.06888889249696437
36.7                      -0.08007723960314396
36.8                      -0.07696482130295298
36.9                      -0.0592060174720222
37                        -0.029157762223540554
37.1                      0.008420466326208872
37.2                      0.0471121190725821
37.300000000000004        0.07991854340016688
37.39999999999999         0.10048881113835804
37.5                      0.10429740631385341
37.6                      0.08956195719203239
37.7                      0.057725771516443126
37.800000000000004        0.013393683197028133
37.9                      -0.03630238237030258
37.99999999999999         -0.08283183080236359
38.099999999999994        -0.11771615557301633
38.2                      -0.13405808525632312
38.300000000000004        -0.12787280457727507
38.400000000000006        -0.09896330415238425
38.5                      -0.05115217326247477
38.599999999999994        0.008205914382659345
38.699999999999996        0.0693735510298231
38.800000000000004        0.12185632738858407
38.900000000000006        0.1562234065554351
39                        0.16579767152440034
39.1                      0.14790820251905723
39.2                      0.10447388479985958
39.3                      0.041805423149948305
39.400000000000006        -0.03034945016270641
39.5                      -0.10036192671124244
39.6                      -0.1566219829978479
39.7                      -0.18946821828366167
39.800000000000004        -0.19282896423641144
39.9                      -0.16530170461814558
40                        -0.11048585550959139
40.1                      -0.03650104978158564
40.2                      0.04524722319979303
40.300000000000004        0.1218688553651725
40.400000000000006        0.18107227224910077
40.49999999999999         0.21318748456504816
40.599999999999994        0.2127851275561516
40.7                      0.17960602340695536
40.800000000000004        0.11862903385370624
40.900000000000006        0.03925559541052831
41                        -0.04625003898549064
41.1                      -0.12478753144189543
41.199999999999996        -0.18455080036634372
41.300000000000004        -0.21688452272659187
41.400000000000006        -0.21755089898738736
41.5                      -0.18721385646106686
41.6                      -0.13110375554822026
41.7                      -0.05797854076677471
41.8                      0.021386186456889687
41.9                      0.09588755540176942
42                        0.15568148548111563
42.1                      0.1934384977749059
42.2                      0.2051327866033552
42.300000000000004        0.19032207221068237
42.4                      0.15195314504652002
42.49999999999999         0.09577793322678542
42.6                      0.02948808649232181
42.7                      -0.03831851355662537
42.800000000000004        -0.09922693408127942
42.900000000000006        -0.1460376730883136
42.99999999999999         -0.1736289711065941
43.099999999999994        -0.17954033775020362
43.2                      -0.16418941959335892
43.300000000000004        -0.13067780348372732
43.400000000000006        -0.08420607220617854
43.5                      -0.03119269485971379
43.6                      0.02174427613835557
43.699999999999996        0.06874999824875817
43.800000000000004        0.10545863630897684
43.900000000000006        0.12935834454775802
44                        0.13976234419279834
44.1                      0.13745178647150258
44.2                      0.12413399048991636
44.3                      0.10189339414796802
44.4                      0.07279251652708008
44.5                      0.038713856100881565
44.6                      0.001443095275582805
44.7                      -0.03709132828751621
44.800000000000004        -0.0745604226392598
44.9                      -0.10810225977822402
44.99999999999999         -0.134416767960575
45.1                      -0.1501153795610748
45.2                      -0.15227114926799318
45.300000000000004        -0.13904961767020557
45.400000000000006        -0.11026948679961257
45.49999999999999         -0.06775068986753438
45.599999999999994        -0.015349529215024603
45.7                      0.04135765748977582
45.800000000000004        0.09571513097855078
45.900000000000006        0.14086842866706117
46                        0.17075930364217168
46.1                      0.18108523659428316
46.199999999999996        0.17006763701148003
46.3                      0.1388853675171388
46.400000000000006        0.09166433264692961
46.5                      0.034972408203109914
46.6                      -0.023149286643149657
46.7                      -0.07449219508247079
46.8                      -0.11210607707807044
46.9                      -0.1315675263543793
47                        -0.13180923778526385
47.1                      -0.11529289274106896
47.2                      -0.08743918781579857
47.300000000000004        -0.05539961738292727
47.4                      -0.026423691114125403
47.49999999999999         -0.006194079899515224
47.6                      0.0024682684349008983
47.7                      2.0274092286024685E-4
47.800000000000004        -0.009148190123839169
47.900000000000006        -0.019596388349681165
48                        -0.024604881216380537
48.099999999999994        -0.01882586640712032
48.2                      4.4998048998250335E-4
48.300000000000004        0.032481499995053155
48.400000000000006        0.07308254249631585
48.5                      0.11541946944293485
48.6                      0.15138976042825467
48.699999999999996        0.1732529446653292
48.8                      0.17515812332596542
48.900000000000006        0.15427121911190922
49                        0.1113213511143671
49.1                      0.05051997890428416
49.2                      -0.021077302443993126
49.3                      -0.09461982647373338
49.4                      -0.1607417394272337
49.5                      -0.21089128795596618
49.6                      -0.23854265652879086
49.7                      -0.240141987902439
49.800000000000004        -0.2156595910985044
49.900000000000006        -0.1686500590920903
49.99999999999999         -0.10577189971047475
50.1                      -0.03579385182564049
50.2                      0.031790239725094135
50.300000000000004        0.08832226611203806
50.400000000000006        0.12743583846888668
50.5                      0.14611721634281036
50.599999999999994        0.14514000509425945
50.699999999999996        0.1287636100968064
50.800000000000004        0.10374217726731347
50.900000000000006        0.0778437097105923
51                        0.05818821693287811
51.1                      0.049751030368833195
51.199999999999996        0.054335046061930396
51.3                      0.07020760592278918
51.400000000000006        0.09245400075814782
51.5                      0.1139559522318172
51.6                      0.12679075388131122
51.7                      0.12378353516264495
51.8                      0.09993548090809884
51.9                      0.053487449115932575
52                        -0.013551950051278714
52.1                      -0.09549601122327692
52.2                      -0.18367352185843216
52.300000000000004        -0.26761933931647724
52.400000000000006        -0.3365750809465702
52.49999999999999         -0.3810581993901214
52.599999999999994        -0.39424025179261757
52.7                      -0.37290397202942005
52.800000000000004        -0.31782419754278524
52.900000000000006        -0.23352808794326707
53                        -0.12751204169817387
53.099999999999994        -0.009096607040044821
53.199999999999996        0.11184050897387085
53.300000000000004        0.22601452929276378
53.400000000000006        0.32558662584531095
53.5                      0.40463549919913777
53.6                      0.4592654028160694
53.699999999999996        0.4874468268707788
53.8                      0.4887210000680832
53.900000000000006        0.4638884179619038
54                        0.41475836085766593
54.1                      0.3439833597005505
54.2                      0.2549611200834723
54.3                      0.15176802448151822
54.4                      0.03909139432538983
54.5                      -0.07785931095149351
54.6                      -0.19347288453648337
54.7                      -0.301900725133034
54.800000000000004        -0.39728726716535023
54.900000000000006        -0.4740940559472657
54.99999999999999         -0.5275323586785379
55.099999999999994        -0.5540821052829072
55.2                      -0.5520209402256623
55.300000000000004        -0.5218370793048994
55.400000000000006        -0.4663798637452746
55.5                      -0.3906320855850329
55.599999999999994        -0.30107031600340106
55.699999999999996        -0.20469351230642557
55.800000000000004        -0.10790913117356107
55.900000000000006        -0.015529407351585117
56                        0.06987909511550176
56.1                      0.14813426501560578
56.199999999999996        0.22104143418528416
56.3                      0.2915759056671139
56.4                      0.3628590275743633
56.5                      0.4371703355253768
56.6                      0.5151951224875955
56.7                      0.5956176466841321
56.800000000000004        0.6750755138040461
56.9                      0.7484270616609028
56.99999999999999         0.8092668802467818
57.1                      0.8506440076930233
57.2                      0.865961744882497
57.300000000000004        0.8500333011923048
57.400000000000006        0.8002161254159351
57.49999999999999         0.7174614743013965
57.599999999999994        0.6070340522685558
57.7                      0.478630912332107
57.800000000000004        0.34569848692413385
57.900000000000006        0.2239166927973058
58                        0.12905125416018448
58.099999999999994        0.07459719978922003
58.199999999999996        0.06976632421630877
58.300000000000004        0.1183503525753491
58.400000000000006        0.21880878529597467
58.5                      0.3656312395557117
58.6                      0.5516965603535939
58.699999999999996        0.7710954104513773
58.8                      1.0217766548624083
58.9                      1.3074478802675564
59                        1.638376500678099
59.1                      2.031026115415253
59.2                      2.5067345718699436
59.300000000000004        3.0898243920460944
59.4                      3.8056009736439522
59.49999999999999         4.678650676727784
59.6                      5.731740666735645
59.7                      6.9854928214422545
59.800000000000004        8.45888799731462
59.900000000000006        10.170563013293826
59.99999999999999         12.140780385096214
60.099999999999994        14.393866619499907
60.2                      16.96082898246086
60.300000000000004        19.88179462907368
60.400000000000006        23.207905844436503
60.5                      27.002382624571545
60.599999999999994        31.34063495375962
60.699999999999996        36.30953979410811
60.8                      42.006226477549944
60.900000000000006        48.53686218470128
61                        56.01593991229704
61.099999999999994        64.56643480877146
61.199999999999996        74.32095653066764
61.3                      85.42377173301456
61.4                      98.03339563555515
61.49999999999999         112.32541688737459
61.599999999999994        128.49532894326575
61.699999999999996        146.76133550439835
61.8                      167.367281434885
61.9                      190.5859423006901
62                        216.72283923710563
62.10000000000001         246.12055348347775
62.199999999999996        279.1632802554964
62.3                      316.2811949112663
62.4                      357.9541941268901
62.5                      404.71474661386503
62.6                      457.1498887674818
62.7                      515.9027166098905
62.8                      581.6739262464907
62.9                      655.2239474987853
63                        737.3759826641628
63.1                      829.0198733943457
63.2                      931.1163026218828
63.300000000000004        1044.7005352055685
63.4                      1170.8848081397668
63.5                      1310.8586191411887
63.6                      1465.8864708615035
63.7                      1637.302993887615
63.800000000000004        1826.5056756512724
63.900000000000006        2034.9455827901852
64                        2264.1164620283616
64.1                      2515.5424786242675
64.2                      2790.7646733231363
64.3                      3091.3260571314117
64.4                      3418.7551575785174
64.5                      3774.5477845445557
64.60000000000001         4160.146780898207
64.7                      4576.9195482091345
64.79999999999998         5026.133196704397
64.9                      5508.927289365405
65                        6026.284363898321
65.10000000000001         6578.998728727489
65.2                      7167.6443967816485
65.29999999999998         7792.543349928672
65.4                      8453.735499509508
65.5                      9150.951628947807
65.60000000000001         9883.59024739717
65.7                      10650.698720138891
65.8                      11450.958429767532
65.9                      12282.673258280262
65.99999999999999         13143.760528859264
66.10000000000001         14031.743775930521
66.2                      14943.7472625796
66.3                      15876.492860737379
66.4                      16826.30052086552
66.5                      17789.09387831716
66.60000000000001         18760.412464291556
66.69999999999999         19735.431534266994
66.8                      20708.989838366295
66.9                      21675.62494019828
67                        22629.615132938245
67.10000000000001         23565.026714922635
67.19999999999999         24475.765376476556
67.3                      25355.630629058825
67.39999999999999         26198.372449665058
67.5                      26997.74950729854
67.60000000000001         27747.58843224655
67.7                      28441.843597817795
67.8                      29074.656864924415
67.89999999999999         29640.41674853808
68                        30133.816519669508
68.10000000000001         30549.910824441147
68.2                      30884.170417808287
68.3                      31132.53451532995
68.4                      31291.460051132177
68.5                      31357.966849544788
68.6                      31329.677480723545
68.7                      31204.850496536365
68.8                      30982.405909306603
68.9                      30661.94217793589
69                        30243.744510265482
69.1                      29728.78482694935
69.2                      29118.714110163433
69.3                      28415.84798827899
69.4                      27623.14628696782
69.5                      26744.186999853242
69.60000000000001         25783.134839156235
69.7                      24744.704350709286
69.79999999999998         23634.117588618647
69.9                      22457.056529183596
70                        21219.61067878873
70.10000000000001         19928.220588643308
70.2                      18589.618148568446
70.29999999999998         17210.76457051914
70.4                      15798.786930195121
70.49999999999999         14360.914084337694
70.60000000000001         12904.412782398222
70.7                      11436.524855418713
70.8                      9964.406444999222
70.9                      8495.07024929225
70.99999999999999         7035.331639839995
71.10000000000001         5591.75922715193
71.2                      4170.630084276132
71.3                      2777.889495251268
71.4                      1419.1149080562604
71.5                      99.48381776129783
71.60000000000001         -1176.254430215875
71.69999999999999         -2403.8025575275615
71.8                      -3579.3343275140446
71.9                      -4699.507831998766
72                        -5761.472561773542
72.10000000000001         -6762.870201474225
72.19999999999999         -7701.829656849089
72.3                      -8576.957283284453
72.39999999999999         -9387.323467522774
72.5                      -10132.446553905056
72.60000000000001         -10812.274671859941
72.7                      -11427.165492206364
72.8                      -11977.863533517317
72.89999999999999         -12465.474523622463
73                        -12891.436545088785
73.10000000000001         -13257.488170763916
73.2                      -13565.63434084491
73.3                      -13818.111139111617
73.4                      -14017.350747074757
73.5                      -14165.947661543307
73.6                      -14266.626845442475
73.7                      -14322.214011217058
73.8                      -14335.607880091255
73.9                      -14309.754120202142
74                        -14247.620740462626
74.1                      -14152.17491233007
74.2                      -14026.361376445566
74.29999999999998         -13873.08265914065
74.4                      -13695.181243128372
74.5                      -13495.42365969385
74.60000000000001         -13276.48630178747
74.7                      -13040.94270053953
74.79999999999998         -12791.252106424778
74.9                      -12529.749432588378
75                        -12258.636846679387
75.10000000000001         -11979.977416240592
75.2                      -11695.691140777864
75.29999999999998         -11407.553444798774
75.4                      -11117.195852255049
75.49999999999999         -10826.10825681406
75.60000000000001         -10535.642075957649
75.7                      -10247.013691205788
75.8                      -9961.307892544599
75.9                      -9679.481436575843
75.99999999999999         -9402.36713441028
76.10000000000001         -9130.678979307491
76.19999999999999         -8865.018664934874
76.3                      -8605.883496471852
76.4                      -8353.675299434919
76.5                      -8108.7096440531495
76.60000000000001         -7871.2246381617115
76.69999999999999         -7641.388719638962
76.80000000000001         -7419.307225361057
76.9                      -7205.02789173705
77                        -6998.545713853831
77.10000000000001         -6799.807670892784
77.19999999999999         -6608.7177121873865
77.30000000000001         -6425.142163833305
77.39999999999999         -6248.915469861365
77.5                      -6079.846020874897
77.60000000000001         -5917.721790071003
77.7                      -5762.315570377009
77.80000000000001         -5613.389720125448
77.89999999999999         -5470.700404379422
78                        -5334.00132257841
78.1                      -5203.046850411555
78.2                      -5077.594449232798
78.30000000000001         -4957.406178824657
78.4                      -4842.249234251087
78.5                      -4731.8956097150185
78.6                      -4626.1212131293705
78.7                      -4524.704925507614
78.80000000000001         -4427.428138444852
78.9                      -4334.075174857382
79                        -4244.434729832162
79.1                      -4158.3021419776
79.2                      -4075.4820273553823
79.3                      -3995.79066835363
79.4                      -3919.0575907020166
79.5                      -3845.1259642571
79.60000000000001         -3773.851758349196
79.7                      -3705.101879660554
79.8                      -3638.751739280264
79.9                      -3574.6827887672753
80                        -3512.780526591864
80.10000000000001         -3452.9333329728906
80.2                      -3395.032286515104
80.30000000000001         -3338.9718955875796
80.4                      -3284.6514800900713
80.49999999999999         -3231.9767968663264
80.60000000000001         -3180.8614408807707
80.7                      -3131.22759409242
80.80000000000001         -3083.0058406802027
80.9                      -3036.1340025989366
80.99999999999999         -2990.5552241660725
81.10000000000001         -2946.2157732376554
81.19999999999999         -2903.063147818096
81.30000000000001         -2861.045022449957
81.4                      -2820.1093324286185
81.5                      -2780.205435405051
81.60000000000001         -2741.285922972971
81.69999999999999         -2703.308410790287
81.80000000000001         -2666.236614389782
81.89999999999999         -2630.040244125895
82                        -2594.693659617499
82.10000000000001         -2560.173670763178
82.2                      -2526.4571941852587
82.30000000000001         -2493.519545302129
82.39999999999999         -2461.333932115312
82.5                      -2429.872290248093
82.60000000000001         -2399.107115895976
82.7                      -2369.013594456374
82.80000000000001         -2339.5712223535543
82.89999999999999         -2310.7643142968936
83                        -2282.581201899474
83.1                      -2255.01240431334
83.2                      -2228.048409807557
83.30000000000001         -2201.677820719598
83.4                      -2175.8864512760338
83.5                      -2150.6576011893303
83.6                      -2125.9733016532105
83.7                      -2101.8160005419763
83.8                      -2078.1700291682127
83.9                      -2055.022299350815
84                        -2032.3619584994685
84.10000000000001         -2010.1790718538168
84.2                      -1988.4626906520853
84.3                      -1967.1988260051653
84.4                      -1946.3688603629566
84.5                      -1925.948820307911
84.60000000000001         -1905.909757525484
84.7                      -1886.2192854067637
84.8                      -1866.844122312339
84.9                      -1847.7533072893107
84.99999999999999         -1828.9215880623512
85.10000000000001         -1810.3323596127514
85.2                      -1791.9795005718192
85.30000000000001         -1773.8675645771227
85.4                      -1756.0100597611645
85.49999999999999         -1738.4259625800266
85.60000000000001         -1721.1350694513649
85.7                      -1704.1531546005003
85.80000000000001         -1687.488040870879
85.9                      -1671.1375251128775
85.99999999999999         -1655.0896512940571
86.10000000000001         -1639.3252144677272
86.19999999999999         -1623.8217938493278
86.30000000000001         -1608.5582389914427
86.4                      -1593.5184844952369
86.5                      -1578.6938468428075
86.60000000000001         -1564.0834497558503
86.69999999999999         -1549.692952911436
86.80000000000001         -1535.5321484252613
86.89999999999999         -1521.6121371706759
87                        -1507.942704587556
87.10000000000001         -1494.530276884288
87.2                      -1481.3765871817145
87.30000000000001         -1468.4780253795764
87.39999999999999         -1455.8256197611663
87.5                      -1443.4056546094685
87.60000000000001         -1431.2009699903024
87.7                      -1419.1929314264382
87.80000000000001         -1407.3638766196677
87.89999999999999         -1395.69960643564
88                        -1384.1913105371814
88.1                      -1372.8363266148572
88.2                      -1361.6373815252837
88.30000000000001         -1350.6004013446736
88.4                      -1339.7314559506435
88.5                      -1329.0337324521988
88.6                      -1318.5054628363764
88.7                      -1308.1394289157129
88.8                      -1297.9241325428452
88.9                      -1287.84615207246
89                        -1277.8928264166216
89.10000000000001         -1268.0543599571588
89.2                      -1258.3247317453338
89.3                      -1248.701287438762
89.4                      -1239.1833784907342
89.5                      -1229.770691660915
89.60000000000001         -1220.461887816189
89.7                      -1211.2538903362542
89.8                      -1202.1417940300944
89.9                      -1193.1191022673438
89.99999999999999         -1184.1779743912625
90.10000000000001         -1175.3093757806723
90.2                      -1166.5033325355143
90.30000000000001         -1157.7496970607165
90.4                      -1149.0397634579663
90.49999999999999         -1140.3686994473178
90.60000000000001         -1131.7382201042967
90.69999999999999         -1123.1584758714157
90.80000000000001         -1114.648030096149
90.9                      -1106.23120447559
90.99999999999999         -1097.9329077730795
91.10000000000001         -1089.772055850849
91.19999999999999         -1081.755446178065
91.30000000000001         -1073.8741179495046
91.4                      -1066.103659412645
91.5                      -1058.408749545642
91.60000000000001         -1050.7508280116604
91.69999999999999         -1043.0966777915723
91.80000000000001         -1035.425304491227
91.89999999999999         -1027.7309818880908
92                        -1020.0215549299332
92.10000000000001         -1012.3126222684024
92.2                      -1004.6195167987828
92.30000000000001         -996.949611112149
92.39999999999999         -989.2972030579414
92.5                      -981.6422207406606
92.6                      -973.9526280459829
92.7                      -966.1892152173921
92.80000000000001         -958.3108338273339
92.89999999999999         -950.2782475958636
93                        -942.0554969046789
93.1                      -933.6086755237643
93.2                      -924.9028885176883
93.30000000000001         -915.8985971753009
93.4                      -906.548467598381
93.5                      -896.7953552281297
93.6                      -886.5714505976891
93.7                      -875.798162481986
93.8                      -864.3861886038026
93.9                      -852.2354113163196
94                        -839.2345963880666
94.10000000000001         -825.261149307453
94.2                      -810.1812314049075
94.3                      -793.850325973689
94.4                      -776.1139835151355
94.5                      -756.8081593037932
94.60000000000001         -735.7584642622239
94.7                      -712.7778555354437
94.8                      -687.662727498606
94.9                      -660.1878465325635
94.99999999999999         -630.1008945996795
95.10000000000001         -597.1174066293262
95.2                      -560.9165975400424
95.30000000000001         -521.1381059814125
95.4                      -477.3792416223679
95.49999999999999         -429.19210431945993
95.60000000000001         -376.0800401135464
95.69999999999999         -317.49326509977186
95.80000000000001         -252.82396257012607
95.9                      -181.40153819939857
96                        -102.48884673216457
96.10000000000001         -15.28003880591054
96.19999999999999         81.09969837257447
96.30000000000001         187.59265030096134
96.4                      305.2057631494157
96.5                      435.0069838865477
96.60000000000001         578.1210315785072
96.69999999999999         735.7245462780511
96.80000000000001         909.0402408496388
96.89999999999999         1099.3295019161046
97                        1307.882906743379
97.10000000000001         1536.008312639639
97.2                      1785.016440065074
97.30000000000001         2056.204102781343
97.39999999999999         2350.8353679639285
97.5                      2670.1209500755367
97.6                      3015.1961046445003
97.7                      3387.0972638222247
97.80000000000001         3786.7376961219825
97.9                      4214.882581181195
98                        4672.124021470869
98.1                      5158.856599131881
98.2                      5675.2540756254375
98.3                      6221.247717446408
98.4                      6796.506555857828
98.5                      7400.419725325566
98.6                      8032.08094094007
98.7                      8690.275198175234
98.8                      9373.467886663475
98.9                      10079.796643748477
99                        10807.066368499833
99.10000000000001         11552.747835493059
99.2                      12313.980297413715
99.3                      13087.578389706901
99.4                      13870.043598350183
99.49999999999999         14657.58054417387
99.60000000000001         15446.11834647206
99.7                      16231.33728743752
99.80000000000001         17008.70083453636
99.9                      17773.492758256252
99.99999999999999         18520.85864958265
