0                         1.1357251410445408E-41
0.09999999999999999       2.2386805807100903E-29
0.19999999999999998       -3.0259180417044267E-28
0.30000000000000004       1.0776957300013164E-27
0.39999999999999997       8.738976718037742E-28
0.5                       -9.907665707767416E-27
0.6000000000000001        -6.4490844623241745E-28
0.7000000000000001        5.611001742087774E-26
0.7999999999999999        1.534354255038822E-26
0.8999999999999999        -2.436691108884742E-25
1                         -2.193906305873681E-25
1.1                       7.500400950649292E-25
1.2000000000000002        1.4837167051672495E-24
1.3                       -9.97822673600527E-25
1.4000000000000001        -5.965813750077323E-24
1.5                       -4.160188660023405E-24
1.5999999999999999        1.2725068989037174E-23
1.7                       2.9465839694076803E-23
1.7999999999999998        4.9403430825135655E-24
1.9                       -7.522039891994765E-23
2                         -1.2591996591450942E-22
2.0999999999999996        8.151321472512165E-24
2.2                       3.4254294237414E-22
2.3                       5.262052322190631E-22
2.4000000000000004        -8.434360691259073E-24
2.5                       -1.3184321394078957E-21
2.6                       -2.1901236110938946E-21
2.7                       -5.56002992748122E-22
2.8000000000000003        4.226516647957892E-21
2.9000000000000004        8.655409286236539E-21
3                         5.4928596564052296E-21
3.1                       -9.931837695872917E-21
3.1999999999999997        -3.0166979268819606E-20
3.3000000000000003        -3.2499406196419873E-20
3.4                       7.091524236207503E-21
3.5                       8.383465215320847E-20
3.5999999999999996        1.3991931847970751E-19
3.7                       8.153140916071974E-20
3.8                       -1.4375539193909633E-19
3.9                       -4.428329628160069E-19
4                         -5.404244414620417E-19
4.1000000000000005        -1.133925651196366E-19
4.199999999999999         8.951082544559291E-19
4.3                       1.9568698437760193E-18
4.4                       1.9680666629199496E-18
4.5                       -1.298206784533108E-19
4.6                       -4.2092368973296426E-18
4.7                       -7.984164766406929E-18
4.800000000000001         -7.31659119609809E-18
4.9                       1.3815682288753555E-18
5                         1.7145126156793512E-17
5.1000000000000005        3.127399392983748E-17
5.2                       2.86691299891186E-17
5.3                       -3.688015094487183E-18
5.4                       -6.281739977781432E-17
5.5                       -1.1842480311986445E-16
5.6000000000000005        -1.165586112308378E-16
5.699999999999999         -7.51888494605727E-18
5.800000000000001         2.064127367181533E-16
5.9                       4.2871923567070846E-16
6                         4.728918163310666E-16
6.1                       1.4735676320963344E-16
6.2                       -5.858537976588496E-16
6.300000000000001         -1.4529721133819075E-15
6.3999999999999995        -1.842814615241102E-15
6.5                       -1.0385714708597073E-15
6.6000000000000005        1.2819562047097784E-15
6.7                       4.47503684556752E-15
6.8                       6.690879774034712E-15
6.9                       5.403536641093512E-15
7                         -1.1312111485368838E-15
7.1000000000000005        -1.1936514505811136E-14
7.199999999999999         -2.2029479367545856E-14
7.300000000000001         -2.3234492153907133E-14
7.4                       -7.97434639542031E-15
7.499999999999999         2.4684573008942286E-14
7.6                       6.360722093708219E-14
7.699999999999999         8.514835407162736E-14
7.8                       6.138501882272461E-14
7.9                       -2.3022822128928942E-14
8                         -1.5148740839790422E-13
8.099999999999998         -2.6548736970945227E-13
8.200000000000001         -2.7681268763807277E-13
8.3                       -1.0793873950190639E-13
8.399999999999999         2.4887960532381037E-13
8.5                       6.814458943161392E-13
8.6                       9.549450340112782E-13
8.700000000000001         7.874986179408042E-13
8.8                       2.50431391870097E-15
8.9                       -1.2935492701017865E-12
9                         -2.605041980536624E-12
9.1                       -3.1213331107511307E-12
9.2                       -2.0296831811703054E-12
9.3                       9.876123425750663E-13
9.4                       5.2688731615902614E-12
9.499999999999998         9.000025622630366E-12
9.600000000000001         9.630070617779543E-12
9.700000000000001         4.955641705072302E-12
9.8                       -5.392848496480424E-12
9.9                       -1.870728941650886E-11
10                        -2.9046414687580507E-11
10.100000000000001        -2.883915345749134E-11
10.200000000000001        -1.2270958067424465E-11
10.299999999999999        2.0511977916946352E-11
10.4                      6.02962198901233E-11
10.5                      8.907284021409465E-11
10.6                      8.525881837496017E-11
10.700000000000001        3.3523043070774307E-11
10.8                      -6.378930864997372E-11
10.9                      -1.7896087810106676E-10
11                        -2.6083382041114824E-10
11.1                      -2.4997348542098347E-10
11.200000000000001        -1.054092779589142E-10
11.3                      1.654939390661242E-10
11.399999999999999        4.879311321974269E-10
11.5                      7.259041123102229E-10
11.600000000000001        7.219267262120815E-10
11.7                      3.649461232705901E-10
11.8                      -3.350325420955082E-10
11.9                      -1.1993005688194644E-9
12                        -1.8938362456547216E-9
12.100000000000001        -2.021665222622412E-9
12.2                      -1.2812796109152744E-9
12.3                      3.5768489359611944E-10
12.4                      2.5357696594439042E-9
12.499999999999998        4.515739682648767E-9
12.600000000000001        5.364564127465231E-9
12.700000000000001        4.2817270932746955E-9
12.799999999999999        9.797250850422456E-10
12.9                      -4.026117143362244E-9
13                        -9.36158558259682E-9
13.100000000000001        -1.3055381638660406E-8
13.200000000000001        -1.3098359547505002E-8
13.299999999999999        -8.165254570653317E-9
13.4                      1.7164018457301906E-9
13.5                      1.4778848130044287E-8
13.6                      2.7577794041028388E-8
13.700000000000001        3.5570402896765384E-8
13.8                      3.4157286129220234E-8
13.899999999999999        2.004847971697242E-8
14                        -7.25370843847575E-9
14.1                      -4.4138721288546964E-8
14.200000000000001        -8.214165517906449E-8
14.3                      -1.0831577188844197E-7
14.399999999999999        -1.0733958226540175E-7
14.5                      -6.577948071235402E-8
14.600000000000001        2.170666746318545E-8
14.7                      1.4554369802110514E-7
14.8                      2.76416096904308E-7
14.9                      3.6597469722265095E-7
14.999999999999998        3.562915939323765E-7
15.100000000000001        1.991068717484566E-7
15.2                      -1.1816712700031823E-7
15.299999999999999        -5.477326425456041E-7
15.399999999999999        -9.699744552736499E-7
15.5                      -1.2076132839885481E-6
15.6                      -1.0723710208654049E-6
15.7                      -4.397092375834316E-7
15.8                      6.67685251482873E-7
15.9                      2.020108883722546E-6
16                        3.181671759215484E-6
16.1                      3.5986749722246478E-6
16.199999999999996        2.7762336019768755E-6
16.3                      5.062550060819394E-7
16.400000000000002        -2.9272105180054896E-6
16.499999999999996        -6.659569643273467E-6
16.6                      -9.357005214560295E-6
16.7                      -9.559787150838288E-6
16.799999999999997        -6.207331931974973E-6
16.900000000000002        7.970134465111745E-7
17                        1.0190190489872773E-5
17.1                      1.9337520098085508E-5
17.2                      2.474265300722378E-5
17.3                      2.3061143963107794E-5
17.400000000000002        1.24000783789811E-5
17.5                      -6.492252221616533E-6
17.6                      -2.9625435351437705E-5
17.7                      -5.016124658898549E-5
17.8                      -5.996473494942868E-5
17.900000000000002        -5.209866119348129E-5
18                        -2.3644922811113287E-5
18.099999999999998        2.2055232934909267E-5
18.2                      7.469675288848423E-5
18.3                      1.1851754848889087E-4
18.4                      1.361034854780115E-4
18.5                      1.1380931864808876E-4
18.6                      4.738507952017227E-5
18.699999999999996        -5.403066467235768E-5
18.8                      -1.67301500937194E-4
18.900000000000002        -2.5912514154392515E-4
18.999999999999996        -2.9415759596612527E-4
19.1                      -2.4584385277249117E-4
19.200000000000003        -1.0712113255693527E-4
19.299999999999997        1.0245380712759012E-4
19.400000000000002        3.3624946649776625E-4
19.5                      5.284612173660654E-4
19.6                      6.098094612696499E-4
19.700000000000003        5.27928632368974E-4
19.8                      2.672274870123244E-4
19.900000000000002        -1.3794127726708986E-4
20                        -6.022152234503349E-4
20.1                      -0.0010031344089219136
20.200000000000003        -0.0012090050500045118
20.299999999999997        -0.0011153437977426842
20.400000000000002        -6.809597710928506E-4
20.5                      4.687141934748734E-5
20.599999999999998        9.2750456819832E-4
20.700000000000003        0.001747555074504947
20.8                      0.002266005603916571
20.9                      0.002275644945680667
21                        0.0016667287657074776
21.1                      4.7575329763451614E-4
21.2                      -0.0010965271288670652
21.3                      -0.0027079625921568873
21.400000000000002        -0.003939553562713961
21.499999999999996        -0.004391594377024059
21.6                      -0.0037915255436646155
21.700000000000003        -0.0020875604441669216
21.8                      4.98137271480165E-4
21.900000000000002        0.0034767100405007968
22                        0.006168253603070715
22.1                      0.007838188924477598
22.2                      0.007870724491910957
22.3                      0.005943134419193985
22.400000000000002        0.0021586104071465275
22.499999999999996        -0.0029015562097057727
22.6                      -0.00823308148686416
22.700000000000003        -0.012576768170147938
22.799999999999997        -0.014679323646339202
22.900000000000002        -0.013600810576083441
23                        -0.009002800620437937
23.099999999999998        -0.0013434094216266393
23.200000000000003        0.008086192012970025
23.3                      0.017323031540025863
23.4                      0.02408932508413441
23.5                      0.02629389501722865
23.6                      0.022580305800181544
23.7                      0.012793132947192674
23.8                      -0.0017701337014935908
23.900000000000002        -0.018424317333561934
24                        -0.033519328315187544
24.1                      -0.043176151623013165
24.200000000000003        -0.044203038742222894
24.3                      -0.03498947534301219
24.4                      -0.016147536775324337
24.5                      0.009301539475070744
24.6                      0.03631164748499279
24.7                      0.05875312830036569
24.8                      0.07075182849430044
24.900000000000002        0.06814252312141768
24.999999999999996        0.049686784271434026
25.1                      0.017721766434783973
25.200000000000003        -0.021988302353622122
25.299999999999997        -0.061249348541925756
25.400000000000002        -0.09112541456247757
25.5                      -0.10396921454754186
25.599999999999998        -0.09532825531470265
25.700000000000003        -0.06524973742018543
25.8                      -0.018618877006307412
25.9                      0.03562142399551063
26                        0.08625448064765469
26.1                      0.12220701680074733
26.200000000000003        0.13505311889657545
26.299999999999997        0.12101126726907833
26.400000000000002        0.08194131507372311
26.5                      0.025076909646972623
26.599999999999998        -0.0384689268460647
26.700000000000003        -0.09608757119792628
26.8                      -0.1363909127045821
26.9                      -0.15162189789085692
27                        -0.13920183669948535
27.1                      -0.10207777311809058
27.2                      -0.04783645706000405
27.3                      0.013143956107412619
27.400000000000002        0.07000847140526752
27.499999999999996        0.11362347326213386
27.6                      0.13814721697684532
27.700000000000003        0.14166537487152805
27.799999999999997        0.12585948099166672
27.900000000000002        0.09494107138680448
28                        0.054262932081632125
28.099999999999998        0.009062085123791277
28.2                      -0.03631053661624064
28.3                      -0.07852526772904549
28.400000000000002        -0.1148699644269361
28.499999999999996        -0.1426062078808511
28.6                      -0.1584778001081952
28.700000000000003        -0.1587151115381506
28.799999999999997        -0.13969976347906693
28.900000000000002        -0.0991991839108732
29                        -0.03783102200173239
29.099999999999998        0.03974293012326112
29.200000000000003        0.12440425187408985
29.3                      0.20330114125223817
29.4                      0.2617708746670245
29.5                      0.28617629218107943
29.6                      0.26706366710973495
29.7                      0.20187680397275853
29.8                      0.09648532535419888
29.900000000000002        -0.034987678007834366
29.999999999999996        -0.17217075171634363
30.1                      -0.29197017222960253
30.200000000000003        -0.372915505637863
30.299999999999997        -0.39939235052909716
30.4                      -0.36482347870453113
30.5                      -0.2730841845427348
30.599999999999998        -0.13783902902779438
30.7                      0.020036059089000482
30.799999999999997        0.1763513990812813
30.9                      0.3079491254613501
31                        0.3965685008940572
31.099999999999998        0.4314735555168296
31.2                      0.4104301238551901
31.3                      0.3390394297481711
31.4                      0.22881623484211555
31.5                      0.09464190390229436
31.6                      -0.047729859896870334
31.7                      -0.18358293793712188
31.8                      -0.3003146424749582
31.900000000000002        -0.3877496602310173
32                        -0.43802109879156936
32.1                      -0.4454571510791269
32.2                      -0.40684016341195556
32.300000000000004        -0.32217766877999665
32.39999999999999         -0.19582091959724662
32.5                      -0.03749381446601459
32.6                      0.1373421978380226
32.7                      0.3082980893474708
32.800000000000004        0.45228526289076454
32.9                      0.5469975571775403
32.99999999999999         0.5750532290094552
33.1                      0.5278857180419131
33.2                      0.408380454630306
33.300000000000004        0.23144206624609115
33.4                      0.022114583282135367
33.5                      -0.18853817794539152
33.599999999999994        -0.3690089102092271
33.699999999999996        -0.49319053626697285
33.800000000000004        -0.5451819584769455
33.9                      -0.5219666307125239
34                        -0.4333736451188787
34.1                      -0.2993837056477248
34.2                      -0.14547662574626039
34.3                      0.0028340328186500074
34.4                      0.12498474514361044
34.5                      0.20875288345735826
34.6                      0.2513999403920482
34.7                      0.2585126166810961
34.800000000000004        0.2410672354672054
34.89999999999999         0.2116506872055998
35                        0.18090722536682963
35.1                      0.15512287634758687
35.2                      0.13546624688522585
35.300000000000004        0.11889589979936135
35.4                      0.10026692866275178
35.49999999999999         0.0748556605138573
35.6                      0.0404542037460691
35.7                      -0.0016236634382029436
35.800000000000004        -0.04690074872883501
35.9                      -0.08927753241104809
36                        -0.12318491478829519
36.099999999999994        -0.14557530505609065
36.199999999999996        -0.1570286719723908
36.300000000000004        -0.16153938976135496
36.4                      -0.16499000654049395
36.5                      -0.17277098161418428
36.6                      -0.187324183145874
36.7                      -0.2064638040618375
36.8                      -0.22312706051910206
36.9                      -0.22678261966469465
37                        -0.20620526841061587
37.1                      -0.15287403341424782
37.2                      -0.06401405934517031
37.300000000000004        0.055638596166086934
37.39999999999999         0.19392697730079675
37.5                      0.3332706891042599
37.6                      0.4540774570534953
37.7                      0.538676788851697
37.800000000000004        0.5747534809808703
37.9                      0.557432069860609
37.99999999999999         0.48957937309515176
38.099999999999994        0.38041521254803806
38.2                      0.24298596554705648
38.300000000000004        0.0913208908687047
38.400000000000006        -0.06191469862830928
38.5                      -0.20671464028735032
38.599999999999994        -0.3358350635504761
38.699999999999996        -0.44399022449412695
38.800000000000004        -0.5267201721763638
38.900000000000006        -0.5795795454085222
39                        -0.598126216716294
39.1                      -0.5788407385668416
39.2                      -0.52070398265036
39.3                      -0.4268403716603291
39.400000000000006        -0.3055105341353203
39.5                      -0.16986081430316263
39.6                      -0.036180274877079394
39.7                      0.07911970423209638
39.800000000000004        0.16314281080448068
39.9                      0.20981661740711946
40                        0.22190175664012562
40.1                      0.21099124018238843
40.2                      0.19528026863066905
40.300000000000004        0.19547998540858622
40.400000000000006        0.22978047721783287
40.49999999999999         0.30908428578561964
40.599999999999994        0.4337314753942129
40.7                      0.5926063451207944
40.800000000000004        0.7649331935391431
40.900000000000006        0.9243874693374581
41                        1.0445549247749253
41.1                      1.1044301263152594
41.199999999999996        1.0926526190680435
41.300000000000004        1.0095312920198916
41.400000000000006        0.8665032523225209
41.5                      0.6833418003079692
41.6                      0.4839798123538721
41.7                      0.2920995852057611
41.8                      0.12759087208031128
41.9                      0.00462987081761755
42                        -0.06839462184097851
42.1                      -0.08741722715459505
42.2                      -0.0503875961236577
42.300000000000004        0.04505877366851261
42.4                      0.20326596685647597
42.49999999999999         0.4312119702078515
42.6                      0.7382110937129158
42.7                      1.135059257945822
42.800000000000004        1.6331764101532036
42.900000000000006        2.244246133426463
42.99999999999999         2.980621797167749
43.099999999999994        3.85645530934716
43.2                      4.8892238217293436
43.300000000000004        6.101178132844998
43.400000000000006        7.52026141079498
43.5                      9.180234456653158
43.6                      11.120027813794202
43.699999999999996        13.382627392725942
43.800000000000004        16.01399773860553
43.900000000000006        19.062594757674262
44                        22.57990309092242
44.1                      26.622185652524767
44.2                      31.25332364577891
44.3                      36.54834025881689
44.4                      42.59701915879097
44.5                      49.507002001453735
44.6                      57.40588960213121
44.7                      66.44214748532394
44.800000000000004        76.784959234367
44.9                      88.62349016343592
44.99999999999999         102.16623073198241
45.1                      117.64112151180207
45.2                      135.2970032608294
45.300000000000004        155.40662522435466
45.400000000000006        178.271067870491
45.49999999999999         204.22510268135767
45.599999999999994        233.6428220422562
45.7                      266.94288501742926
45.800000000000004        304.59293421963844
45.900000000000006        347.11307422918213
46                        395.07864843793703
46.1                      449.1227882385671
46.199999999999996        509.9392514783009
46.3                      578.2858978297427
46.400000000000006        654.9888231440881
46.5                      740.946804344208
46.6                      837.1354189252103
46.7                      944.6100979968357
46.8                      1064.5074848609408
46.9                      1198.0447627141061
47                        1346.5169850295893
47.1                      1511.2927657140935
47.2                      1693.8088571057053
47.300000000000004        1895.5641097064715
47.4                      2118.1130839706716
47.49999999999999         2363.0592463829616
47.6                      2632.047335480802
47.7                      2926.7542301049793
47.800000000000004        3248.87755922614
47.900000000000006        3600.121377421206
48                        3982.1784617312096
48.099999999999994        4396.709101548445
48.2                      4845.31658101967
48.300000000000004        5329.519831483504
48.400000000000006        5850.723921084739
48.5                      6410.189137530794
48.6                      7008.999417287042
48.699999999999996        7648.030803020553
48.8                      8327.920498345893
48.900000000000006        9049.036960945696
49                        9811.451352981225
49.1                      10614.910566364066
49.2                      11458.811969617429
49.3                      12342.179988850652
49.4                      13263.644642414392
49.5                      14221.422201433024
49.6                      15213.298249912954
49.7                      16236.613567206405
49.800000000000004        17288.25344070938
49.900000000000006        18364.641210411202
49.99999999999999         19461.737004640552
50.1                      20575.04269211372
50.2                      21699.613996580578
50.300000000000004        22830.08046793662
50.400000000000006        23960.67359082649
50.5                      25085.262802288504
50.599999999999994        26197.398689101396
50.699999999999996        27290.362262496135
50.800000000000004        28357.219057256138
50.900000000000006        29390.87690670302
51                        30384.1465560791
51.1                      31329.804672912116
51.199999999999996        32220.659136902526
51.3                      33049.616605846706
51.400000000000006        33809.75219252748
51.5                      34494.380686985896
51.6                      35097.12825069719
51.7                      35612.00307603069
51.8                      36033.46331186966
51.9                      36356.48068975023
52                        36576.59871275644
52.1                      36689.98485016153
52.2                      36693.47671253003
52.300000000000004        36584.6224766222
52.400000000000006        36361.71578358929
52.49999999999999         36023.82496927729
52.599999999999994        35570.8159427577
52.7                      35003.36751861686
52.800000000000004        34322.97773500701
52.900000000000006        33531.95978161819
53                        32633.42663025763
53.099999999999994        31631.26419973478
53.199999999999996        30530.093714701256
53.300000000000004        29335.224640129305
53.400000000000006        28052.60004025419
53.5                      26688.73635580806
53.6                      25250.659434391302
53.699999999999996        23745.838266635546
53.8                      22182.117384113677
53.900000000000006        20567.648370576146
54                        18910.82051540698
54.1                      17220.190367508156
54.2                      15504.409883095212
54.3                      13772.15303636174
54.4                      12032.041177275321
54.5                      10292.568020100221
54.6                      8562.025805776233
54.7                      6848.434720375647
54.800000000000004        5159.477875703677
54.900000000000006        3502.4439242354283
54.99999999999999         1884.178666042228
55.099999999999994        311.0459446126581
55.2                      -1211.1030028296823
55.300000000000004        -2676.953435397951
55.400000000000006        -4081.7462317010077
55.5                      -5421.293846336344
55.599999999999994        -6691.99372131992
55.699999999999996        -7890.838531931689
55.800000000000004        -9015.421583944739
55.900000000000006        -10063.935206205922
56                        -11035.160321922509
56.1                      -11928.446475347346
56.199999999999996        -12743.68310420774
56.3                      -13481.264283274235
56.4                      -14142.0500332057
56.5                      -14727.327292911785
56.6                      -15238.77279559683
56.7                      -15678.41867270493
56.800000000000004        -16048.6201311254
56.9                      -16352.02351122186
56.99999999999999         -16591.53276710057
57.1                      -16770.272959203765
57.2                      -16891.550465079687
57.300000000000004        -16958.81086362727
57.400000000000006        -16975.59638176347
57.49999999999999         -16945.50511103391
57.599999999999994        -16872.15385485013
57.7                      -16759.145650212908
57.800000000000004        -16610.04206471631
57.900000000000006        -16428.33964538226
58                        -16217.449602622399
58.099999999999994        -15980.679961173259
58.199999999999996        -15721.21982970089
58.300000000000004        -15442.125873350937
58.400000000000006        -15146.311293642619
58.5                      -14836.537531835573
58.6                      -14515.408579589313
58.699999999999996        -14185.36738620792
58.8                      -13848.69360173588
58.9                      -13507.501923108013
59                        -13163.740617423897
59.1                      -12819.190255172542
59.2                      -12475.463104684506
59.300000000000004        -12134.003849796525
59.4                      -11796.092227270565
59.49999999999999         -11462.847894117165
59.6                      -11135.237471842584
59.7                      -10814.08343249265
59.800000000000004        -10500.074382960185
59.900000000000006        -10193.77635450849
59.99999999999999         -9895.64480605223
60.099999999999994        -9606.037067139398
60.2                      -9325.224800631338
60.300000000000004        -9053.405791554207
60.400000000000006        -8790.714118660737
60.5                      -8537.227740901359
60.599999999999994        -8292.972881215792
60.699999999999996        -8057.925315151947
60.8                      -7832.009585585754
60.900000000000006        -7615.097941421724
61                        -7407.011093736658
61.099999999999994        -7207.522485859045
61.199999999999996        -7016.366719356229
61.3                      -6833.251369747158
61.4                      -6657.8701468510535
61.49999999999999         -6489.914691135567
61.599999999999994        -6329.082543687637
61.699999999999996        -6175.079952704196
61.8                      -6027.619815852592
61.9                      -5886.416624187797
62                        -5751.1811910876
62.10000000000001         -5621.617868698274
62.199999999999996        -5497.425896053697
62.3                      -5378.304880200376
62.4                      -5263.962801302644
62.5                      -5154.123957719265
62.6                      -5048.534282070565
62.7                      -4946.962435083066
62.8                      -4849.196624754431
62.9                      -4755.038604237624
63                        -4664.297208500251
63.1                      -4576.783787063013
63.2                      -4492.31103142427
63.300000000000004        -4410.695358160972
63.4                      -4331.761725576182
63.5                      -4255.349003111245
63.6                      -4181.314005520825
63.7                      -4109.532964321943
63.800000000000004        -4039.900207272154
63.900000000000006        -3972.3247355865833
64                        -3906.725903315462
64.1                      -3843.0294011835167
64.2                      -3781.1643431318216
64.3                      -3721.06170401964
64.4                      -3662.6539209426387
64.5                      -3605.875290750473
64.60000000000001         -3550.662850260473
64.7                      -3496.9575679981126
64.79999999999998         -3444.7057408309865
64.9                      -3393.860393506003
65                        -3344.3822772062686
65.10000000000001         -3296.2399140798416
65.2                      -3249.4082086842113
65.29999999999998         -3203.8655167576467
65.4                      -3159.5896367463824
65.5                      -3116.5537375560257
65.60000000000001         -3074.7234822791957
65.7                      -3034.0563711495743
65.8                      -2994.503625996432
65.9                      -2956.0140100171757
65.99999999999999         -2918.5381923498644
66.10000000000001         -2882.0319769902453
66.2                      -2846.4570888881603
66.3                      -2811.779143698644
66.4                      -2777.9635720945507
66.5                      -2744.97116405849
66.60000000000001         -2712.755162466056
66.69999999999999         -2681.2613325849584
66.8                      -2650.431339319361
66.9                      -2620.2084976922597
67                        -2590.5440215631565
67.10000000000001         -2561.4016521235544
67.19999999999999         -2532.759095322338
67.3                      -2504.6058175478124
67.39999999999999         -2476.9380045312328
67.5                      -2449.7524050842453
67.60000000000001         -2423.0410378157135
67.7                      -2396.7882875336877
67.8                      -2370.9709859282048
67.89999999999999         -2345.561049738296
68                        -2320.529523219491
68.10000000000001         -2295.8506627566358
68.2                      -2271.5049971270623
68.3                      -2247.480883001193
68.4                      -2223.774654126049
68.5                      -2200.389796036898
68.6                      -2177.3355882155047
68.7                      -2154.6254404760116
68.8                      -2132.2749128871824
68.9                      -2110.2993381917404
69                        -2088.711133751349
69.1                      -2067.5172102972897
69.2                      -2046.7171583626723
69.3                      -2026.302914942269
69.4                      -2006.2602854983431
69.5                      -1986.5720959568625
69.60000000000001         -1967.2221063141787
69.7                      -1948.1984196463986
69.79999999999998         -1929.4951802025837
69.9                      -1911.1119027950424
70                        -1893.0506328936667
70.10000000000001         -1875.3119762068745
70.2                      -1857.8915177985177
70.29999999999998         -1840.7780637434823
70.4                      -1823.954495253753
70.49999999999999         -1807.4010612072943
70.60000000000001         -1791.1000153026962
70.7                      -1775.0399779698496
70.8                      -1759.218466323538
70.9                      -1743.641656870595
70.99999999999999         -1728.3213875752542
71.10000000000001         -1713.2703236713173
71.2                      -1698.4967892797567
71.3                      -1684.0008311141798
71.4                      -1669.772649841253
71.5                      -1655.7937911052766
71.60000000000001         -1642.04069223785
71.69999999999999         -1628.489570322155
71.8                      -1615.1213545114213
71.9                      -1601.9254328785287
72                        -1588.901329821751
72.10000000000001         -1576.0579379050164
72.19999999999999         -1563.4104821357619
72.3                      -1550.9759004531586
72.39999999999999         -1538.7677043994827
72.5                      -1526.7915667256361
72.60000000000001         -1515.0428020627014
72.7                      -1503.5065261281359
72.8                      -1492.160629254721
72.89999999999999         -1480.98090899656
73                        -1469.9469911839305
73.10000000000001         -1459.0472792361215
73.2                      -1448.281298480022
73.3                      -1437.6584841773597
73.4                      -1427.1935376497058
73.5                      -1416.8996124708892
73.6                      -1406.7813964058284
73.7                      -1396.8303129478973
73.8                      -1387.0234813992597
73.9                      -1377.3269172049675
74                        -1367.7021127659548
74.1                      -1358.1140775814406
74.2                      -1348.5384997265887
74.29999999999998         -1338.966043970958
74.4                      -1329.4027689146078
74.5                      -1319.8668579215469
74.60000000000001         -1310.3828879035523
74.7                      -1300.9753854911708
74.79999999999998         -1291.6633411557416
74.9                      -1282.4568002526746
75                        -1273.3559048762636
75.10000000000001         -1264.3521114376333
75.2                      -1255.4309341923852
75.29999999999998         -1246.5754791164265
75.4                      -1237.770121260234
75.49999999999999         -1229.00379332231
75.60000000000001         -1220.2724088458626
75.7                      -1211.5799663889736
75.8                      -1202.937979604642
75.9                      -1194.3631560176136
75.99999999999999         -1185.8737101616807
76.10000000000001         -1177.4852107483507
76.19999999999999         -1169.2071945505527
76.3                      -1161.0417128065292
76.4                      -1152.9844310507185
76.5                      -1145.0280175431549
76.60000000000001         -1137.1666547572622
76.69999999999999         -1129.3999796560709
76.80000000000001         -1121.734873604808
76.9                      -1114.184296429673
77                        -1106.7635143665882
77.10000000000001         -1099.485139582234
77.19999999999999         -1092.3549166502708
77.30000000000001         -1085.3699113593063
77.39999999999999         -1078.5197713629984
77.5                      -1071.7904433047804
77.60000000000001         -1065.168700052019
77.7                      -1058.6455113501831
77.80000000000001         -1052.2168350399543
77.89999999999999         -1045.8815874048587
78                        -1039.6378559834582
78.1                      -1033.4792677273576
78.2                      -1027.3934327834086
78.30000000000001         -1021.3635280448302
78.4                      -1015.3727222466481
78.5                      -1009.4098575571318
78.6                      -1003.4741446350246
78.7                      -997.576884572135
78.80000000000001         -991.7392998334373
78.9                      -985.9869971355984
79                        -980.3428145341085
79.1                      -974.8203456144591
79.2                      -969.4201095318579
79.3                      -964.1293288293505
79.4                      -958.9250287175375
79.5                      -953.7791786774735
79.60000000000001         -948.6641996773418
79.7                      -943.5574131407903
79.8                      -938.4436898051143
79.9                      -933.3163003565938
80                        -928.17644586867
80.10000000000001         -923.032012471253
80.2                      -917.895842953875
80.30000000000001         -912.783501824583
80.4                      -907.710396474842
80.49999999999999         -902.6883354178693
80.60000000000001         -897.7220718851287
80.7                      -892.8068361115205
80.80000000000001         -887.9279930576846
80.9                      -883.0635796409699
80.99999999999999         -878.1896144091978
81.10000000000001         -873.2870158402968
81.19999999999999         -868.3481382912041
81.30000000000001         -863.3807269122486
81.4                      -858.4076828708419
81.5                      -853.4622876195441
81.60000000000001         -848.5800487664035
81.69999999999999         -843.7895556555355
81.80000000000001         -839.1052002235132
81.89999999999999         -834.5241201765647
82                        -830.0284002676013
82.10000000000001         -825.5918717787215
82.2                      -821.1893692558438
82.30000000000001         -816.8055479327445
82.39999999999999         -812.4405799541474
82.5                      -808.1111268585398
82.60000000000001         -803.8465235560539
82.7                      -799.6815597103702
82.80000000000001         -795.6481300358469
82.89999999999999         -791.7681055520727
83                        -788.049120427765
83.1                      -784.4838942224242
83.2                      -781.0526434325027
83.30000000000001         -777.7274356015005
83.4                      -774.4771604376486
83.5                      -771.2720591159824
83.6                      -768.0872259300226
83.7                      -764.9049074354068
83.8                      -761.7156082439924
83.9                      -758.5179767841717
84                        -755.3173433223485
84.10000000000001         -752.1228163355439
84.2                      -748.9431307592804
84.3                      -745.7819351555282
84.4                      -742.6336927250582
84.5                      -739.4815711089539
84.60000000000001         -736.2983987127321
84.7                      -733.0509586837898
84.8                      -729.7068022561836
84.9                      -726.2417868488233
84.99999999999999         -722.6460892743578
85.10000000000001         -718.9267523327665
85.2                      -715.105848527989
85.30000000000001         -711.2147512634529
85.4                      -707.2862850699754
85.49999999999999         -703.3472043852637
85.60000000000001         -699.4132700931143
85.7                      -695.4882281576195
85.80000000000001         -691.5666194255394
85.9                      -687.6390868038637
85.99999999999999         -683.6981557433933
86.10000000000001         -679.7425624765091
86.19999999999999         -675.7789877550736
86.30000000000001         -671.821156122785
86.4                      -667.8872185391826
86.5                      -663.9967847813439
86.60000000000001         -660.1687900675729
86.69999999999999         -656.4207226443292
86.80000000000001         -652.7689499565599
86.89999999999999         -649.2293310876427
87                        -645.8172248234675
87.10000000000001         -642.5463965447229
87.2                      -639.4269764726204
87.30000000000001         -636.4632034244205
87.39999999999999         -633.651925337772
87.5                      -630.9826138495262
87.60000000000001         -628.4390896811531
87.7                      -626.0025067344836
87.80000000000001         -623.6546925772809
87.89999999999999         -621.3808745116133
88                        -619.1711342340146
88.1                      -617.0204580497855
88.2                      -614.9277295202817
88.30000000000001         -612.8942373134835
88.4                      -610.9221775384431
88.5                      -609.0133224630515
88.6                      -607.1677222124135
88.7                      -605.3822119212965
88.8                      -603.648699688501
88.9                      -601.9526168417323
89                        -600.2722837172507
89.10000000000001         -598.5800148141914
89.2                      -596.8454041016558
89.3                      -595.0404563594317
89.4                      -593.1453450100579
89.5                      -591.1529779974728
89.60000000000001         -589.0705803841345
89.7                      -586.9172694166414
89.8                      -584.7179092164226
89.9                      -582.4949296543957
89.99999999999999         -580.2607248419263
90.10000000000001         -578.013289745519
90.2                      -575.736806858012
90.30000000000001         -573.4072429574469
90.4                      -571.001239081623
90.49999999999999         -568.5053346488297
90.60000000000001         -565.9223406182944
90.69999999999999         -563.2725769606494
90.80000000000001         -560.5894074436032
90.9                      -557.9104285449616
90.99999999999999         -555.267119814837
91.10000000000001         -552.6762478331632
91.19999999999999         -550.1357035980699
91.30000000000001         -547.6260011397917
91.4                      -545.1168995074568
91.5                      -542.5771163578404
91.60000000000001         -539.984314809863
91.69999999999999         -537.3326243853566
91.80000000000001         -534.6357744645688
91.89999999999999         -531.9251557015344
92                        -529.2434099268423
92.10000000000001         -526.6351782942802
92.2                      -524.1372322201961
92.30000000000001         -521.7703124683103
92.39999999999999         -519.5346282686174
92.5                      -517.4101870920372
92.6                      -515.3620481847773
92.7                      -513.3493974287697
92.80000000000001         -511.33628437015824
92.89999999999999         -509.30124663232004
93                        -507.24313095965465
93.1                      -505.1813004244308
93.2                      -503.1499380970607
93.30000000000001         -501.1879068101328
93.4                      -499.3270437112347
93.5                      -497.5823469806744
93.6                      -495.94699585957886
93.7                      -494.3936607637289
93.8                      -492.88159495188927
93.9                      -491.3672288751183
94                        -489.8150197555952
94.10000000000001         -488.2054439385113
94.2                      -486.538143154429
94.3                      -484.8298778024237
94.4                      -483.10848158900296
94.5                      -481.40494141784586
94.60000000000001         -479.74583444188056
94.7                      -478.14777794052816
94.8                      -476.61466021993783
94.9                      -475.13762634368146
94.99999999999999         -473.6973348725415
95.10000000000001         -472.26787894546544
95.2                      -470.8217859886991
95.30000000000001         -469.3354529225968
95.4                      -467.7941498687829
95.49999999999999         -466.19545693273375
95.60000000000001         -464.54995645896884
95.69999999999999         -462.8784375191192
95.80000000000001         -461.2058241666437
95.9                      -459.5532577514384
96                        -457.9307544073715
96.10000000000001         -456.333104162315
96.19999999999999         -454.74089671760055
96.30000000000001         -453.126889605098
96.4                      -451.4659388765241
96.5                      -449.7451753148119
96.60000000000001         -447.9707110182382
96.69999999999999         -446.1681683333968
96.80000000000001         -444.376438073772
96.89999999999999         -442.6365257899317
97                        -440.9791901484258
97.10000000000001         -439.41558690112
97.2                      -437.9340951334302
97.30000000000001         -436.50431759804275
97.39999999999999         -435.08675543591863
97.5                      -433.6447971683405
97.6                      -432.15508841500196
97.7                      -430.61318873881646
97.80000000000001         -429.0332541538288
97.9                      -427.44254682562064
98                        -425.8730973412403
98.1                      -424.35335715418483
98.2                      -422.9021575069269
98.3                      -421.5261134881479
98.4                      -420.2203411279799
98.5                      -418.97147701024045
98.6                      -417.76171950756884
98.7                      -416.57285236604235
98.8                      -415.3896655985643
98.9                      -414.2025416383208
99                        -413.00906607400606
99.10000000000001         -411.8144101659984
99.2                      -410.6301316667086
99.3                      -409.4711762297861
99.4                      -408.35131932026223
99.49999999999999         -407.2779419896865
99.60000000000001         -406.24758981312857
99.7                      -405.243901322721
99.80000000000001         -404.2390272510837
99.9                      -403.1986611067226
99.99999999999999         -402.0895813332397
