0                         7.229915367557891E-50
0.09999999999999999       -3.822180730415516E-38
0.19999999999999998       -9.495261386690123E-37
0.30000000000000004       9.264611705159907E-36
0.39999999999999997       -2.13801560276897E-35
0.5                       -4.187850044906825E-35
0.6000000000000001        2.071259779138971E-34
0.7000000000000001        1.3010914915077938E-34
0.7999999999999999        -1.1487246644386816E-33
0.8999999999999999        -7.539774485312673E-34
1                         4.862542734860143E-33
1.1                       5.808888893243067E-33
1.2000000000000002        -1.4759648368251182E-32
1.3                       -3.4166153667529217E-32
1.4000000000000001        1.8397120193693317E-32
1.5                       1.3593143180779798E-31
1.5999999999999999        1.0089674912505326E-31
1.7                       -3.046344459156047E-31
1.7999999999999998        -7.212831121412789E-31
1.9                       -9.000390637265174E-32
2                         2.008681922634839E-30
2.0999999999999996        3.297710590251088E-30
2.2                       -6.117590985871837E-31
2.3                       -1.0251266357185366E-29
2.4000000000000004        -1.5043843231588986E-29
2.5                       2.9217392189355314E-30
2.6                       4.5454098809204124E-29
2.7                       7.052194123626127E-29
2.8000000000000003        3.8705491611590405E-30
2.9000000000000004        -1.7611410928132103E-28
3                         -3.2505351943295604E-28
3.1                       -1.4068641543294532E-28
3.1999999999999997        5.595884453826875E-28
3.3000000000000003        1.3791332489012166E-27
3.4                       1.1788815088151112E-27
3.5                       -1.1617917078883716E-27
3.5999999999999996        -5.0275271565560564E-27
3.7                       -6.711932387427172E-27
3.8                       -8.175203318049758E-28
3.9                       1.4208941290114208E-26
4                         2.909611824874242E-26
4.1000000000000005        2.30956252436896E-26
4.199999999999999         -2.2065809330252987E-26
4.3                       -9.506916302174576E-26
4.4                       -1.3469008530798108E-25
4.5                       -4.9689957625144224E-26
4.6                       2.0130571828908834E-25
4.7                       5.022607975966386E-25
4.800000000000001         5.443648670440034E-25
4.9                       -1.8364852187356465E-26
5                         -1.2037227835481501E-24
5.1000000000000005        -2.3288411730115008E-24
5.2                       -2.0446861024341173E-24
5.3                       8.50769927782971E-25
5.4                       5.938322663722934E-24
5.5                       9.986076769637696E-24
5.6000000000000005        7.581912575047388E-24
5.699999999999999         -5.3312484104029175E-24
5.800000000000001         -2.593247021702158E-23
5.9                       -4.078325208726966E-23
6                         -2.92578146136188E-23
6.1                       2.275302030152317E-23
6.2                       1.0303061874889081E-22
6.300000000000001         1.607480433839707E-22
6.3999999999999995        1.1990920847418203E-22
6.5                       -7.192216453200689E-23
6.6000000000000005        -3.745076382926954E-22
6.7                       -6.111004700995035E-22
6.8                       -5.100727837428078E-22
6.9                       1.3491170744062924E-22
7                         1.2300320484318212E-21
7.1000000000000005        2.2140292740735827E-21
7.199999999999999         2.1535075666810055E-21
7.300000000000001         2.253333703400474E-22
7.4                       -3.514353578360894E-21
7.499999999999999         -7.48260661961202E-21
7.6                       -8.654299531529296E-21
7.699999999999999         -3.854391510185708E-21
7.8                       7.86673261812663E-21
7.9                       2.2819846144137998E-20
8                         3.203078972345624E-20
8.099999999999998         2.4096222831111116E-20
8.200000000000001         -8.116234215218265E-21
8.3                       -5.913928789352802E-20
8.399999999999999         -1.0581223147196194E-19
8.5                       -1.1122686718401017E-19
8.6                       -4.104653039034433E-20
8.700000000000001         1.1077034971241733E-19
8.8                       2.9806994899236464E-19
8.9                       4.1763683766476392E-19
9                         3.390684954877505E-19
9.1                       -2.7380280395666484E-20
9.2                       -6.439131515382884E-19
9.3                       -1.2821686673253193E-18
9.4                       -1.5393413403465012E-18
9.499999999999998         -9.752729555412696E-19
9.600000000000001         6.345461192086756E-19
9.700000000000001         3.008465256423947E-18
9.8                       5.182829667374111E-18
9.9                       5.635056325276318E-18
10                        2.8349649424268797E-18
10.100000000000001        -3.813971824795544E-18
10.200000000000001        -1.2941358933777647E-17
10.299999999999999        -2.0646091160812993E-17
10.4                      -2.1078826833230968E-17
10.5                      -8.63919545340228E-18
10.6                      1.8386673378576E-17
10.700000000000001        5.393055253155751E-17
10.8                      8.219705954899254E-17
10.9                      8.030150464414045E-17
11                        2.7227762390694373E-17
11.1                      -8.180036657326451E-17
11.200000000000001        -2.2047988600888127E-16
11.3                      -3.2499575392478124E-16
11.399999999999999        -3.061254792697298E-16
11.5                      -8.583597808976782E-17
11.600000000000001        3.466158369581378E-16
11.7                      8.797862207685237E-16
11.8                      1.2611035739462217E-15
11.9                      1.151016549673073E-15
12                        2.683869455036848E-16
12.100000000000001        -1.3981359970636027E-15
12.2                      -3.395862478856294E-15
12.3                      -4.760500944186673E-15
12.4                      -4.243790656571846E-15
12.499999999999998        -8.650953110553199E-16
12.600000000000001        5.326371040138634E-15
12.700000000000001        1.259266011951417E-14
12.799999999999999        1.7409407798786348E-14
12.9                      1.5352158687953004E-14
13                        3.08259647352618E-15
13.100000000000001        -1.9018428762889057E-14
13.200000000000001        -4.4685509022156526E-14
13.299999999999999        -6.161125513371899E-14
13.4                      -5.463762251440825E-14
13.5                      -1.2547910255634246E-14
13.6                      6.317833060646546E-14
13.700000000000001        1.5137938584622812E-13
13.8                      2.109646566798731E-13
13.899999999999999        1.9156668009888158E-13
14                        5.565842469748405E-14
14.1                      -1.9327986264209037E-13
14.200000000000001        -4.883997289796509E-13
14.3                      -6.984205718266237E-13
14.399999999999999        -6.606431373371986E-13
14.5                      -2.497093817969704E-13
14.600000000000001        5.343921241951307E-13
14.7                      1.4949632475005496E-12
14.8                      2.230747986294306E-12
14.9                      2.230748272830945E-12
14.999999999999998        1.0784964956693317E-12
15.100000000000001        -1.2805932631891414E-12
15.2                      -4.312549945851871E-12
15.299999999999999        -6.8468241417241546E-12
15.399999999999999        -7.326447868363253E-12
15.5                      -4.387085272749047E-12
15.6                      2.3544489033864085E-12
15.7                      1.1588536537789173E-11
15.8                      2.0072794607698663E-11
15.9                      2.3225374225015052E-11
16                        1.6684085384375163E-11
16.1                      -1.4445626878663558E-12
16.199999999999996        -2.839783895121863E-11
16.3                      -5.5725217135331436E-11
16.400000000000002        -7.048670527474454E-11
16.499999999999996        -5.920592740661457E-11
16.6                      -1.4036406934056432E-11
16.7                      6.071930676079005E-11
16.799999999999997        1.446596657923197E-10
16.900000000000002        2.0300511353850186E-10
17                        1.958933505982403E-10
17.1                      9.449988328554908E-11
17.2                      -1.002994094392562E-10
17.3                      -3.441797340438559E-10
17.400000000000002        -5.491635407928777E-10
17.5                      -6.033227915470331E-10
17.6                      -4.105328897114209E-10
17.7                      5.865268747936168E-11
17.8                      7.230044703563088E-10
17.900000000000002        1.376429377480333E-9
18                        1.7232961425263715E-9
18.099999999999998        1.4694868939416997E-9
18.2                      4.532611671895449E-10
18.3                      -1.2245709349916622E-9
18.4                      -3.1288452068629626E-9
18.5                      -4.533323518277474E-9
18.6                      -4.609491602529154E-9
18.699999999999996        -2.7407078967910743E-9
18.8                      1.1213316759928804E-9
18.900000000000002        6.1936831361102196E-9
18.999999999999996        1.0844524643190084E-8
19.1                      1.2929660807126358E-8
19.200000000000003        1.0485293024843868E-8
19.299999999999997        2.6288372470997527E-9
19.400000000000002        -9.627675529330019E-9
19.5                      -2.3027685522003785E-8
19.6                      -3.251391066892778E-8
19.700000000000003        -3.25944369262824E-8
19.8                      -1.9426930582814916E-8
19.900000000000002        6.958239609856003E-9
20                        4.115326109059875E-8
20.1                      7.247433573089602E-8
20.200000000000003        8.723635027781359E-8
20.299999999999997        7.309809379903478E-8
20.400000000000002        2.4502329352201897E-8
20.5                      -5.256154339258674E-8
20.599999999999998        -1.386169456594147E-7
20.700000000000003        -2.0337589966902255E-7
20.8                      -2.1363856121113053E-7
20.9                      -1.4518147334730527E-7
21                        4.596924216191972E-9
21.1                      2.0792378865634704E-7
21.2                      4.065342199341556E-7
21.3                      5.2321492983994E-7
21.400000000000002        4.845779923118581E-7
21.499999999999996        2.5019245648030745E-7
21.6                      -1.6084083750595525E-7
21.700000000000003        -6.56759397543639E-7
21.8                      -1.0828359696289253E-6
21.900000000000002        -1.2577632380606475E-6
22                        -1.0318654153535734E-6
22.1                      -3.5261706810433307E-7
22.2                      6.843410775023204E-7
22.3                      1.8219979953595618E-6
22.400000000000002        2.6832860012258975E-6
22.499999999999996        2.8689003880239404E-6
22.6                      2.0937314971455687E-6
22.700000000000003        3.2466307153078533E-7
22.799999999999997        -2.1291854587607396E-6
22.900000000000002        -4.620267546475779E-6
23                        -6.287240272952047E-6
23.099999999999998        -6.292254886030787E-6
23.200000000000003        -4.120675410374461E-6
23.3                      1.4337536977206088E-7
23.4                      5.668555462825912E-6
23.5                      1.0942855689128356E-5
23.6                      1.4093442410711542E-5
23.7                      1.3421525302759737E-5
23.8                      8.029675847778079E-6
23.900000000000002        -1.6461961673210068E-6
24                        -1.3606774378693525E-5
24.1                      -2.4521440839842344E-5
24.200000000000003        -3.0470103860818408E-5
24.3                      -2.808394706399158E-5
24.4                      -1.5811747973996747E-5
24.5                      5.075020292003067E-6
24.6                      3.0139133951547426E-5
24.7                      5.238237589876833E-5
24.8                      6.384544608875454E-5
24.900000000000002        5.7936489067124325E-5
24.999999999999996        3.1916799488908986E-5
25.1                      -1.122174925176715E-5
25.200000000000003        -6.224597935725745E-5
25.299999999999997        -1.0704156845371771E-4
25.400000000000002        -1.298699819624213E-4
25.5                      -1.1794682999392847E-4
25.599999999999998        -6.620647213775867E-5
25.700000000000003        1.9211679945651594E-5
25.8                      1.2016008109128865E-4
25.9                      2.0924917262640566E-4
26                        2.561506267249354E-4
26.1                      2.362889091482916E-4
26.200000000000003        1.3976475643974695E-4
26.299999999999997        -2.2203383329826842E-5
26.400000000000002        -2.1586805642260717E-4
26.5                      -3.9012547342287464E-4
26.599999999999998        -4.8813510310691076E-4
26.700000000000003        -4.632388189780496E-4
26.8                      -2.9525753989663716E-4
26.9                      -2.3006796031149886E-6
27                        3.5642630914979893E-4
27.1                      6.895338063618459E-4
27.2                      8.938118688858838E-4
27.3                      8.822801821809053E-4
27.400000000000002        6.131079193613332E-4
27.499999999999996        1.1099369193050833E-4
27.6                      -5.267846744720949E-4
27.700000000000003        -0.0011443805396584598
27.799999999999997        -0.0015611442803168027
27.900000000000002        -0.0016189734304562597
28                        -0.001231971876336768
28.099999999999998        -4.2444525648222626E-4
28.2                      6.558199203291083E-4
28.3                      0.0017571622628268222
28.400000000000002        0.0025766236354797553
28.499999999999996        0.002836134777774522
28.6                      0.002364642764889821
28.700000000000003        0.0011639455827717974
28.799999999999997        -5.629413768752226E-4
28.900000000000002        -0.0024348155617821927
29                        -0.003968346961252153
29.099999999999998        -0.004694203338615227
29.200000000000003        -0.0042871765398118395
29.3                      -0.0026765444081971886
29.4                      -1.0351402657460693E-4
29.5                      0.002897519680809313
29.6                      0.005599508411340474
29.7                      0.007249130570888234
29.8                      0.007263059691360606
29.900000000000002        0.005405391872305828
29.999999999999996        0.0018963573992662386
30.1                      -0.002585357904655737
30.200000000000003        -0.007020538895630287
30.299999999999997        -0.010271129044774781
30.4                      -0.011359755717683676
30.5                      -0.00974063369001553
30.599999999999998        -0.0054902139745957946
30.7                      6.408581528299171E-4
30.799999999999997        0.0073429418434592065
30.9                      0.013017708681535095
31                        0.0161500979224784
31.099999999999998        0.015696940211301393
31.2                      0.01139483878166282
31.3                      0.0039015366120004964
31.4                      -0.005280191996769869
31.5                      -0.014096158797969757
31.6                      -0.02039672560733047
31.7                      -0.022454402132162203
31.8                      -0.019418938483307738
31.900000000000002        -0.011592136899225284
32                        -4.412613011145694E-4
32.1                      0.01167042271284668
32.2                      0.021988487184199077
32.300000000000004        0.027998752291553932
32.39999999999999         0.02803876925127759
32.5                      0.021739650489601563
32.6                      0.010182371905007504
32.7                      -0.004283098336549022
32.800000000000004        -0.018527595924097463
32.9                      -0.029336977395377706
32.99999999999999         -0.034152770168997953
33.1                      -0.03168463129121294
33.2                      -0.022245475799705747
33.300000000000004        -0.007722625984235485
33.4                      0.008816646342915825
33.5                      0.023799648177682986
33.599999999999994        0.03394930584591303
33.699999999999996        0.03702614833798486
33.800000000000004        0.03233785582984322
33.9                      0.020896793532431263
34                        0.005188552204997291
34.1                      -0.011393954875231947
34.2                      -0.025317891820453197
34.3                      -0.03370000755333587
34.4                      -0.034935364581055575
34.5                      -0.029022374679648816
34.6                      -0.017514671508947165
34.7                      -0.003119277878443954
34.800000000000004        0.010956595592213016
34.89999999999999         0.021750759473482654
35                        0.027206021778881782
35.1                      0.026592580007794485
35.2                      0.020601334256035095
35.300000000000004        0.01109802305860324
35.4                      6.098540953874193E-4
35.49999999999999         -0.00832144477425227
35.6                      -0.013758220834004697
35.7                      -0.014807455459597206
35.800000000000004        -0.011782072601093943
35.9                      -0.006053573311982422
36                        3.5665754573217714E-4
36.099999999999994        0.005337340095650804
36.199999999999996        0.0072549178252579
36.300000000000004        0.005387786395395318
36.4                      1.229741170774342E-4
36.5                      -0.007128272403908127
36.6                      -0.014270997882737717
36.7                      -0.019038551178928165
36.8                      -0.019554500345377035
36.9                      -0.014815602546527425
37                        -0.004988963576391611
37.1                      0.00853964331461406
37.2                      0.023375280002155083
37.300000000000004        0.03653839140431394
37.39999999999999         0.04502238029461196
37.5                      0.046381355963119285
37.6                      0.039243839722146165
37.7                      0.023663471117012676
37.800000000000004        0.0012446658185498163
37.9                      -0.024985528794470205
37.99999999999999         -0.05095274265895012
38.099999999999994        -0.07211665551483738
38.2                      -0.08418610108107916
38.300000000000004        -0.08387007773967832
38.400000000000006        -0.0695504620082653
38.5                      -0.04175913534350224
38.599999999999994        -0.0033564418480104244
38.699999999999996        0.04065840630041897
38.800000000000004        0.08372244264549905
38.900000000000006        0.11862268571872864
39                        0.13863490008879922
39.1                      0.13871758752734656
39.2                      0.11655875410704558
39.3                      0.0732739048135031
39.400000000000006        0.013592547171099409
39.5                      -0.05455571600252569
39.6                      -0.12104600125678618
39.7                      -0.17503752465453631
39.800000000000004        -0.2067152216551876
39.9                      -0.2090149633620918
40                        -0.1790318613106346
40.1                      -0.11884151365678751
40.2                      -0.03554547318328796
40.300000000000004        0.059525873570498926
40.400000000000006        0.1523763513260545
40.49999999999999         0.22845581947706342
40.599999999999994        0.27499232301536874
40.7                      0.28315695076222674
40.800000000000004        0.24968164346752095
40.900000000000006        0.17762810193357134
41                        0.07614325377846388
41.1                      -0.04078984025433478
41.199999999999996        -0.15641918894639656
41.300000000000004        -0.2537753313220654
41.400000000000006        -0.31828528183675403
41.5                      -0.3400163875372571
41.6                      -0.31518566491077055
41.7                      -0.24670274504847917
41.8                      -0.14368409904935617
41.9                      -0.020048866734902103
42                        0.10755011232836437
42.1                      0.22211658412490526
42.2                      0.30865357523281123
42.300000000000004        0.3561258239848491
42.4                      0.3587930644843165
42.49999999999999         0.3167761278410994
42.6                      0.23583436906129748
42.7                      0.1264374543929762
42.800000000000004        0.0022953900386046703
42.900000000000006        -0.12143764341475237
42.99999999999999         -0.23004835365103254
43.099999999999994        -0.3110072921364779
43.2                      -0.35536981154534103
43.300000000000004        -0.35868694074622287
43.400000000000006        -0.32134501420696665
43.5                      -0.2483272148287961
43.6                      -0.1484621004123443
43.699999999999996        -0.03328305893333487
43.800000000000004        0.08434057134310666
43.900000000000006        0.19163006737037835
44                        0.277226627432559
44.1                      0.3323025460334655
44.2                      0.35137480748578026
44.3                      0.33277938487762615
44.4                      0.2787914629105971
44.5                      0.19539222423088032
44.6                      0.09169238116039943
44.7                      -0.0209645512181421
44.800000000000004        -0.13017207062411557
44.9                      -0.22381839900987088
44.99999999999999         -0.2915006908020536
45.1                      -0.3258230673480667
45.2                      -0.32338604951087346
45.300000000000004        -0.28529076976465373
45.400000000000006        -0.21703844150376003
45.49999999999999         -0.12779794396062621
45.599999999999994        -0.02912476076826027
45.7                      0.06668138672443143
45.800000000000004        0.14831955971127267
45.900000000000006        0.20704593565083987
46                        0.23779237768882833
46.1                      0.239668940246575
46.199999999999996        0.2157844976283412
46.3                      0.1724395720813572
46.400000000000006        0.11785242598912296
46.5                      0.06065564040783339
46.6                      0.008434480844982172
46.7                      -0.03343387097233533
46.8                      -0.06243758313923686
46.9                      -0.0789743291201116
47                        -0.08578939172991232
47.1                      -0.08693690018964914
47.2                      -0.0864984925212448
47.300000000000004        -0.08735790416828622
47.4                      -0.09033320185993145
47.49999999999999         -0.093900871878881
47.6                      -0.09461411932548015
47.7                      -0.08814633808241065
47.800000000000004        -0.07071974639468108
47.900000000000006        -0.040554736913565044
48                        0.001063175937317488
48.099999999999994        0.04943531312768707
48.2                      0.09699395677348167
48.300000000000004        0.13468921713363208
48.400000000000006        0.15394403186072983
48.5                      0.148736116032307
48.6                      0.11730508664972175
48.699999999999996        0.06304770409215588
48.8                      -0.005660465292864355
48.900000000000006        -0.0767369804531949
49                        -0.13653087390789548
49.1                      -0.17240731634296613
49.2                      -0.1752624990568377
49.3                      -0.14146938071207374
49.4                      -0.07387245618508756
49.5                      0.018364804694988426
49.6                      0.12104488337667829
49.7                      0.2171415012100888
49.800000000000004        0.28956087761949273
49.900000000000006        0.3240049404694935
49.99999999999999         0.3114631496065624
50.1                      0.24991072177145077
50.2                      0.14490734083177942
50.300000000000004        0.008960581496786971
50.400000000000006        -0.14027751514663608
50.5                      -0.28270398962844995
50.599999999999994        -0.39889796448965065
50.699999999999996        -0.4731428184637918
50.800000000000004        -0.4957926146764457
50.900000000000006        -0.464557854545387
51                        -0.3845015232159399
51.1                      -0.2668018506722276
51.199999999999996        -0.12658967005320437
51.3                      0.019657444621285554
51.400000000000006        0.15662835069674097
51.5                      0.27213925094778524
51.6                      0.3582612467272836
51.7                      0.4115575780952215
51.8                      0.4325771757055182
51.9                      0.42487991890968835
52                        0.3938978853531496
52.1                      0.345876198434613
52.2                      0.2870257461501446
52.300000000000004        0.22290871858568756
52.400000000000006        0.1580088050215097
52.49999999999999         0.09542917811545444
52.599999999999994        0.03670214921701221
52.7                      -0.018248332377870075
52.800000000000004        -0.07091540846611406
52.900000000000006        -0.1237284483405249
53                        -0.1792899669526812
53.099999999999994        -0.23943629980493175
53.199999999999996        -0.30431774617633967
53.300000000000004        -0.3717353068939721
53.400000000000006        -0.43694112826277626
53.5                      -0.4930113836229092
53.6                      -0.5317619795457333
53.699999999999996        -0.5450419942906753
53.8                      -0.5261481503063022
53.900000000000006        -0.47108028128257323
54                        -0.3794030240625068
54.1                      -0.2545716481337623
54.2                      -0.103687937206469
54.3                      0.06325399917546727
54.4                      0.23450835012723123
54.5                      0.39794753867976607
54.6                      0.5424902881470917
54.7                      0.65941039169663
54.800000000000004        0.7433472175691014
54.900000000000006        0.7928510019567448
54.99999999999999         0.8103376403631583
55.099999999999994        0.8014114117349376
55.2                      0.7736369762471949
55.300000000000004        0.7349798633629768
55.400000000000006        0.6922458963426814
55.5                      0.6498894132209619
55.599999999999994        0.6094979330963727
55.699999999999996        0.5700987073790365
55.800000000000004        0.529209020196424
55.900000000000006        0.484333889405271
56                        0.4344752539781071
56.1                      0.3812088736868062
56.199999999999996        0.32902010850039176
56.3                      0.28482902367159857
56.4                      0.25690148259923273
56.5                      0.25354564588527256
56.6                      0.2820613464302377
56.7                      0.348317479893485
56.800000000000004        0.45711022972047544
56.9                      0.6131793125208578
56.99999999999999         0.8225266349295017
57.1                      1.0935733386008053
57.2                      1.4377452637658803
57.300000000000004        1.8692749312854668
57.400000000000006        2.404282431359493
57.49999999999999         3.0594553947220318
57.599999999999994        3.850804226980762
57.7                      4.792973642210417
57.800000000000004        5.899446561298985
57.900000000000006        7.183730435451623
58                        8.661346521395652
58.099999999999994        10.352229283846619
58.199999999999996        12.283043329602684
58.300000000000004        14.488959543712896
58.400000000000006        17.014582572920716
58.5                      19.91394253769253
58.6                      23.249697038093974
58.699999999999996        27.09188143805224
58.8                      31.516657481893787
58.9                      36.60552364850742
59                        42.445365704447504
59.1                      49.12955969590841
59.2                      56.760122898687996
59.300000000000004        65.45068283578695
59.4                      75.32984907867186
59.49999999999999         86.54447528600294
59.6                      99.26232600180225
59.7                      113.67382541730947
59.800000000000004        129.99283996261437
59.900000000000006        148.4567731074741
59.99999999999999         169.32654292827038
60.099999999999994        192.88718048482707
60.2                      219.44976321018171
60.300000000000004        249.35516427825382
60.400000000000006        282.9796991072024
60.5                      320.74228116633947
60.599999999999994        363.1122879946645
60.699999999999996        410.61710431318727
60.8                      463.84832716672133
60.900000000000006        523.4658932327163
61                        590.1998519051062
61.099999999999994        664.8500353659882
61.199999999999996        748.284325014769
61.3                      841.4364608049524
61.4                      945.3043208976057
61.49999999999999         1060.94932095597
61.599999999999994        1189.4971203369357
61.699999999999996        1332.1392950919399
61.8                      1490.1351735386036
61.9                      1664.8127339778591
62                        1857.5673933546095
62.10000000000001         2069.8576716405105
62.199999999999996        2303.1970508439917
62.3                      2559.1417782122057
62.4                      2839.2747974946274
62.5                      3145.1863466363266
62.6                      3478.4519766059334
62.7                      3840.608799797977
62.8                      4233.130678828196
62.9                      4657.402859970224
63                        5114.696303655205
63.1                      5606.141738428202
63.2                      6132.703326880708
63.300000000000004        6695.151820840326
63.4                      7294.037202503829
63.5                      7929.661025427291
63.6                      8602.048922498589
63.7                      9310.923963464478
63.800000000000004        10055.681658695166
63.900000000000006        10835.367385775664
64                        11648.656870844892
64.1                      12493.840137944064
64.2                      13368.80912299393
64.3                      14271.04901080461
64.4                      15197.633344009795
64.5                      16145.223077332694
64.60000000000001         17110.06996512221
64.7                      18088.024893499354
64.79999999999998         19074.551907799796
64.9                      20064.74866651228
65                        21053.373843281403
65.10000000000001         22034.881622519715
65.2                      23003.462965308037
65.29999999999998         23953.092863148337
65.4                      24877.58244967493
65.5                      25770.634676988502
65.60000000000001         26625.902306475597
65.7                      27437.047181708986
65.8                      28197.80006689905
65.9                      28902.02065007944
65.99999999999999         29543.757533183507
66.10000000000001         30117.30809908807
66.2                      30617.278042029502
66.3                      31038.640104164733
66.4                      31376.791246919165
66.5                      31627.607188813432
66.60000000000001         31787.493043975315
66.69999999999999         31853.428753569202
66.8                      31823.00813242033
66.9                      31694.470629828596
67                        31466.725268263563
67.10000000000001         31139.3666010363
67.19999999999999         30712.68284834653
67.3                      30187.656579820108
67.39999999999999         29565.958392487544
67.5                      28849.934001466972
67.60000000000001         28042.585057681124
67.7                      27147.543886142874
67.8                      26169.042249832026
67.89999999999999         25111.874222510476
68                        23981.353311796982
68.10000000000001         22783.264103123434
68.2                      21523.80887232289
68.3                      20209.54980895965
68.4                      18847.347673893157
68.5                      17444.29785798366
68.6                      16007.664896687034
68.7                      14544.81651801864
68.8                      13063.158257830142
68.9                      11570.069574825706
69                        10072.842256349371
69.1                      8578.621751314551
69.2                      7094.351929005442
69.3                      5626.723667344923
69.4                      4182.127632985747
69.5                      2766.6116184603165
69.60000000000001         1385.8428177762346
69.7                      45.07540825392603
69.79999999999998         -1250.8762759903761
69.9                      -2497.6588611855773
70                        -3691.395458380087
70.10000000000001         -4828.695958929515
70.2                      -5906.662649167384
70.29999999999998         -6922.891745153014
70.4                      -7875.471335005238
70.49999999999999         -8762.975958122584
70.60000000000001         -9584.45772596058
70.7                      -10339.433613095358
70.8                      -11027.868434194577
70.9                      -11650.153143110827
70.99999999999999         -12207.07844168088
71.10000000000001         -12699.804184697805
71.2                      -13129.825573166587
71.3                      -13498.93748734268
71.4                      -13809.198411256066
71.5                      -14062.895208872187
71.60000000000001         -14262.50958897132
71.69999999999999         -14410.686573813062
71.8                      -14510.204823962154
71.9                      -14563.948396880647
72                        -14574.879485531226
72.10000000000001         -14546.011862524852
72.19999999999999         -14480.385042539196
72.3                      -14381.039441898258
72.39999999999999         -14250.992955566255
72.5                      -14093.219348078235
72.60000000000001         -13910.62869969212
72.7                      -13706.04994903018
72.8                      -13482.215426555147
72.89999999999999         -13241.747243627631
73                        -12987.145491980276
73.10000000000001         -12720.778359041271
73.2                      -12444.874383358052
73.3                      -12161.517079707457
73.4                      -11872.642023878416
73.5                      -11580.036239011322
73.6                      -11285.339460486868
73.7                      -10990.04668359885
73.8                      -10695.511396242324
73.9                      -10402.949079735157
74                        -10113.440861435152
74.1                      -9827.93750767133
74.2                      -9547.264133494335
74.29999999999998         -9272.126000036718
74.4                      -9003.115571275759
74.5                      -8740.720688660682
74.60000000000001         -8485.333420587247
74.7                      -8237.258976225745
74.79999999999998         -7996.7241078566685
74.9                      -7763.884649012422
75                        -7538.832158025301
75.10000000000001         -7321.59993042585
75.2                      -7112.168796040643
75.29999999999998         -6910.4730755311175
75.4                      -6716.406865470028
75.49999999999999         -6529.830546682545
75.60000000000001         -6350.577187974869
75.7                      -6178.45843976006
75.8                      -6013.269606130126
75.9                      -5854.793799794251
75.99999999999999         -5702.80531928664
76.10000000000001         -5557.072533109792
76.19999999999999         -5417.360545456625
76.3                      -5283.433760950834
76.4                      -5155.058240937691
76.5                      -5032.003567525828
76.60000000000001         -4914.043904590859
76.69999999999999         -4800.958104899116
76.80000000000001         -4692.529011918031
76.9                      -4588.542425552227
77                        -4488.786400027728
77.10000000000001         -4393.051511268362
77.19999999999999         -4301.132445674918
77.30000000000001         -4212.830798336424
77.39999999999999         -4127.958480859624
77.5                      -4046.3408053878347
77.60000000000001         -3967.818267394995
77.7                      -3892.24633522398
77.80000000000001         -3819.4930943543536
77.89999999999999         -3749.4352225780744
78                        -3681.953286614855
78.1                      -3616.927582670579
78.2                      -3554.235615031664
78.30000000000001         -3493.7518556760037
78.4                      -3435.3497928787638
78.5                      -3378.905650183391
78.6                      -3324.3027216905016
78.7                      -3271.435142382945
78.80000000000001         -3220.21011275207
78.9                      -3170.5480489023976
79                        -3122.380690926852
79.1                      -3075.6477140679845
79.2                      -3030.2927187457894
79.3                      -2986.259558736861
79.4                      -2943.4898060078535
79.5                      -2901.921811727555
79.60000000000001         -2861.491407108824
79.7                      -2822.133901221724
79.8                      -2783.786761000047
79.9                      -2746.3922497684885
80                        -2709.899362207347
80.10000000000001         -2674.264597458281
80.2                      -2639.4514048367655
80.30000000000001         -2605.428452965764
80.4                      -2572.1671476840156
80.49999999999999         -2539.639001821544
80.60000000000001         -2507.8135046468396
80.7                      -2476.6570389321564
80.80000000000001         -2446.133165274151
80.9                      -2416.204279368825
80.99999999999999         -2386.8343122127067
81.10000000000001         -2357.991859976337
81.19999999999999         -2329.6529698306417
81.30000000000001         -2301.8028203941476
81.4                      -2274.4357361850653
81.5                      -2247.55333642419
81.60000000000001         -2221.16106819142
81.69999999999999         -2195.2638084535834
81.80000000000001         -2169.861524624371
81.89999999999999         -2144.9460634289444
82                        -2120.499945147967
82.10000000000001         -2096.4975959176977
82.2                      -2072.9088490923873
82.30000000000001         -2049.70393854057
82.39999999999999         -2026.8587622753876
82.5                      -2004.359054625921
82.60000000000001         -1982.202333817557
82.7                      -1960.3970495459926
82.80000000000001         -1938.9590997121493
82.89999999999999         -1917.9066079664103
83                        -1897.2543393630604
83.1                      -1877.009227964378
83.2                      -1857.1681603349648
83.30000000000001         -1837.7184974840156
83.4                      -1818.6410259179147
83.5                      -1799.9143498954002
83.6                      -1781.5193787660467
83.7                      -1763.4426270796184
83.8                      -1745.6774942627235
83.9                      -1728.2233647188305
84                        -1711.083041626796
84.10000000000001         -1694.2594847801001
84.2                      -1677.7529355618906
84.3                      -1661.5592751834176
84.4                      -1645.6699865963524
84.5                      -1630.0735551881942
84.60000000000001         -1614.7577270242143
84.7                      -1599.7118617414812
84.8                      -1584.9286907092528
84.9                      -1570.4050518677127
84.99999999999999         -1556.1415038333696
85.10000000000001         -1542.1410096180787
85.2                      -1528.4070556904949
85.30000000000001         -1514.9416259513976
85.4                      -1501.7434185384188
85.49999999999999         -1488.806624584379
85.60000000000001         -1476.1205108122933
85.7                      -1463.669957359107
85.80000000000001         -1451.4369714735942
85.9                      -1439.4030068702366
85.99999999999999         -1427.5516847697168
86.10000000000001         -1415.8713018296803
86.19999999999999         -1404.3564190820323
86.30000000000001         -1393.0079400311874
86.4                      -1381.8314301639534
86.5                      -1370.8339376822505
86.60000000000001         -1360.020094361798
86.69999999999999         -1349.3886160126115
86.80000000000001         -1338.9303289211696
86.89999999999999         -1328.6284713381842
87                        -1318.4613467410804
87.10000000000001         -1308.4066486071847
87.2                      -1298.4461963631584
87.30000000000001         -1288.5696351265392
87.39999999999999         -1278.775942791015
87.5                      -1269.0722716923221
87.60000000000001         -1259.470498679398
87.7                      -1249.9825749918234
87.80000000000001         -1240.6161100792651
87.89999999999999         -1231.3714829563146
88                        -1222.2412181778996
88.1                      -1213.211604505788
88.2                      -1204.2658475104076
88.30000000000001         -1195.3876632649271
88.4                      -1186.5642418195816
88.5                      -1177.787882139467
88.6                      -1169.056147272443
88.7                      -1160.3708887862879
88.8                      -1151.7367687866945
88.9                      -1143.1599016364626
89                        -1134.6470029338382
89.10000000000001         -1126.205109124746
89.2                      -1117.8416678901822
89.3                      -1109.5646931186293
89.4                      -1101.3827364268975
89.5                      -1093.3045802080992
89.60000000000001         -1085.3387047571232
89.7                      -1077.4926493050955
89.8                      -1069.7723613039955
89.9                      -1062.181559705109
89.99999999999999         -1054.7211024301728
90.10000000000001         -1047.3883974893909
90.2                      -1040.1770207319994
90.30000000000001         -1033.0768255388973
90.4                      -1026.0748471559098
90.49999999999999         -1019.1571442850143
90.60000000000001         -1012.311393602083
90.69999999999999         -1005.5296679932837
90.80000000000001         -998.8105589024686
90.9                      -992.1598089057079
90.99999999999999         -985.5889713575556
91.10000000000001         -979.1122351493475
91.19999999999999         -972.7422354991811
91.30000000000001         -966.4861455269386
91.4                      -960.3433853719378
91.5                      -954.3058231290063
91.60000000000001         -948.3605007214244
91.69999999999999         -942.4939905909941
91.80000000000001         -936.6968301207339
91.89999999999999         -930.966366667567
92                        -925.3068583508575
92.10000000000001         -919.7266551332442
92.2                      -914.2333812320838
92.30000000000001         -908.8288416266433
92.39999999999999         -903.5055675186959
92.5                      -898.246405866869
92.6                      -893.0275180392989
92.7                      -887.8239557977571
92.80000000000001         -882.6160639780924
92.89999999999999         -877.3946494172303
93                        -872.1632585612717
93.1                      -866.9368636491388
93.2                      -861.7374162354467
93.30000000000001         -856.5876779602386
93.4                      -851.5051712267889
93.5                      -846.4979032664074
93.6                      -841.5628319936706
93.7                      -836.68714923353
93.8                      -831.8516820288195
93.9                      -827.0352916059437
94                        -822.2191497425023
94.10000000000001         -817.3900918066756
94.2                      -812.5426823839061
94.3                      -807.6799839324915
94.4                      -802.8131837352377
94.5                      -797.9602286892147
94.60000000000001         -793.1435565244577
94.7                      -788.3870301691429
94.8                      -783.7123489772013
94.9                      -779.1354843061097
94.99999999999999         -774.66392661092
95.10000000000001         -770.295565866604
95.2                      -766.0197477615386
95.30000000000001         -761.8204782918175
95.4                      -757.6810579585745
95.49999999999999         -753.5888716264427
95.60000000000001         -749.538883745571
95.69999999999999         -745.5347095876788
95.80000000000001         -741.5868816684663
95.9                      -737.7088602125802
96                        -733.9121115058866
96.10000000000001         -730.2019028955287
96.19999999999999         -726.5752031243076
96.30000000000001         -723.0213168952755
96.4                      -719.5249013761492
96.5                      -716.0701759481353
96.60000000000001         -712.644756909262
96.69999999999999         -709.2417620674383
96.80000000000001         -705.8595436117156
96.89999999999999         -702.4993380643043
97                        -699.1619084382326
97.10000000000001         -695.844599207169
97.2                      -692.5400111279154
97.30000000000001         -689.2368320015978
97.39999999999999         -685.922506185493
97.5                      -682.5867251593048
97.6                      -679.2244356028556
97.7                      -675.8372797525116
97.80000000000001         -672.432995526554
97.9                      -669.0230552919319
98                        -665.6194189077792
98.1                      -662.2315055424792
98.2                      -658.8642951559356
98.3                      -655.5179688548349
98.4                      -652.1889123465089
98.5                      -648.8714742648657
98.6                      -645.5597413580646
98.7                      -642.2487756005658
98.8                      -638.9351326730037
98.9                      -635.6168569566777
99                        -632.2933548066546
99.10000000000001         -628.9655080562882
99.2                      -625.6361471230306
99.3                      -622.3106949530093
99.4                      -618.9975821492155
99.49999999999999         -615.7080316364636
99.60000000000001         -612.4550278111257
99.7                      -609.2516249728167
99.80000000000001         -606.1090574057661
99.9                      -603.0352445970556
99.99999999999999         -600.0341727142608
