0                         6.8841930605337975E-56
0.09999999999999999       -2.633305005901932E-43
0.19999999999999998       2.312047339336532E-43
0.30000000000000004       1.1091696158381941E-41
0.39999999999999997       -5.748593975305299E-41
0.5                       4.606767313933581E-41
0.6000000000000001        3.920680421494047E-40
0.7000000000000001        -7.709000363967785E-40
0.7999999999999999        -1.8441318873003997E-39
0.8999999999999999        4.726831789253703E-39
1                         9.006448489899547E-39
1.1                       -1.9734209342376704E-38
1.2000000000000002        -4.6627493528189315E-38
1.3                       5.38751831432963E-38
1.4000000000000001        2.185201181056964E-37
1.5                       -2.0744333915383013E-38
1.5999999999999999        -8.01980573877983E-37
1.7                       -7.417391860309227E-37
1.7999999999999998        1.88755578524652E-36
1.9                       4.6242771702441136E-36
2                         -3.6465687978471794E-37
2.0999999999999996        -1.4891800008714269E-35
2.2                       -1.8672636767004764E-35
2.3                       1.8876236107929193E-35
2.4000000000000004        8.139073456132879E-35
2.5                       6.363347122753167E-35
2.6                       -1.3569703904264605E-34
2.7                       -3.819869280630448E-34
2.8000000000000003        -2.172009943771307E-34
2.9000000000000004        6.882358323605341E-34
3                         1.6692498522311493E-33
3.1                       8.883100715256304E-34
3.1999999999999997        -2.8563937005156656E-33
3.3000000000000003        -6.969013679751746E-33
3.4                       -4.4309758528378714E-33
3.5                       9.843648214360392E-33
3.5999999999999996        2.7563528982242767E-32
3.7                       2.327489202794949E-32
3.8                       -2.597322166614248E-32
3.9                       -1.002615293088833E-31
4                         -1.1413853551547753E-31
4.1000000000000005        3.2380904001973844E-32
4.199999999999999         3.197544617695927E-31
4.3                       4.941337993917565E-31
4.4                       1.6019627207900637E-31
4.5                       -8.180050239853781E-31
4.6                       -1.8280568326357425E-30
4.7                       -1.5068319475970845E-30
4.800000000000001         1.2500747256180591E-30
4.9                       5.5336411588005345E-30
5                         7.428691430573633E-30
5.1000000000000005        1.8392601651175027E-30
5.2                       -1.2304984792919808E-29
5.3                       -2.6528906864647614E-29
5.4                       -2.3410408266854235E-29
5.5                       1.1441517466884003E-29
5.6000000000000005        6.924056919979566E-29
5.699999999999999         1.0545339329243752E-28
5.800000000000001         5.641635725365279E-29
5.9                       -1.0657315704946605E-28
6                         -3.118231132742015E-28
6.1                       -3.7247256080157373E-28
6.2                       -8.396459998349499E-29
6.300000000000001         5.715724174472649E-28
6.3999999999999995        1.2375118609466272E-27
6.5                       1.2229831535586825E-27
6.6000000000000005        -7.512953324804256E-29
6.7                       -2.477420837451794E-27
6.8                       -4.529447652036212E-27
6.9                       -3.871837915043815E-27
7                         1.1871139471388648E-27
7.1000000000000005        9.462153459490195E-27
7.199999999999999         1.5674269252801462E-26
7.300000000000001         1.2177098237019832E-26
7.4                       -5.707376988883936E-27
7.499999999999999         -3.295840473997441E-26
7.6                       -5.191741938463224E-26
7.699999999999999         -3.871183552791104E-26
7.8                       1.9813050660148744E-26
7.9                       1.0618024787859313E-25
8                         1.650377571558504E-25
8.099999999999998         1.2417614388887284E-25
8.200000000000001         -5.450882884066783E-26
8.3                       -3.1749835944485197E-25
8.399999999999999         -5.009232293777755E-25
8.5                       -3.9359079171618477E-25
8.6                       1.1634957060387957E-25
8.700000000000001         8.795469751081178E-25
8.8                       1.4355733122868528E-24
8.9                       1.1914752561962011E-24
9                         -1.71611495921229E-25
9.1                       -2.2572635726885904E-24
9.2                       -3.8266773703235165E-24
9.3                       -3.2949529740905376E-24
9.4                       1.6790809037122397E-25
9.499999999999998         5.4762413434386575E-24
9.600000000000001         9.358717065301822E-24
9.700000000000001         7.786321684473898E-24
9.8                       -1.0310849102531682E-24
9.9                       -1.366577921568797E-23
10                        -2.1162708002734518E-23
10.100000000000001        -1.351989260105323E-23
10.200000000000001        1.1717275399993751E-23
10.299999999999999        4.16497743582033E-23
10.4                      4.8862975592663836E-23
10.5                      6.856633289581354E-24
10.6                      -8.277714997063896E-23
10.700000000000001        -1.674491143613968E-22
10.8                      -1.5021828744891694E-22
10.9                      5.481015814455096E-23
11                        4.276021864974712E-22
11.1                      7.611417403302309E-22
11.200000000000001        6.812427347326112E-22
11.3                      -1.6046924559883742E-22
11.399999999999999        -1.7390185189858906E-21
11.5                      -3.3251436876951692E-21
11.600000000000001        -3.4774047455751395E-21
11.7                      -6.5232572552392145E-22
11.8                      5.544059519140021E-21
11.9                      1.2962406041194215E-20
12                        1.6422655194244606E-20
12.100000000000001        9.328632355964569E-21
12.2                      -1.212856228992825E-20
12.3                      -4.338745754140001E-20
12.4                      -6.789235999907638E-20
12.499999999999998        -5.998773852440299E-20
12.600000000000001        2.5019344172138945E-21
12.700000000000001        1.1785299661748923E-19
12.799999999999999        2.4165429048197717E-19
12.9                      2.8552989367699313E-19
13                        1.4856678498957465E-19
13.100000000000001        -2.1617600721011409E-19
13.200000000000001        -7.223724991419369E-19
13.299999999999999        -1.107759982175416E-18
13.4                      -9.886704124095473E-19
13.5                      -4.713419260665967E-20
13.6                      1.6845107856667555E-18
13.700000000000001        3.574515864963405E-18
13.8                      4.385728308367976E-18
13.899999999999999        2.7003756777988872E-18
14                        -2.2060257240019778E-18
14.1                      -9.329547778324506E-18
14.200000000000001        -1.5353912119224647E-17
14.3                      -1.5257019982394345E-17
14.399999999999999        -4.547412222106267E-18
14.5                      1.7247805765541546E-17
14.600000000000001        4.335345667763075E-17
14.7                      5.916849507579572E-17
14.8                      4.659389125052834E-17
14.9                      -6.2445124284193826E-18
14.999999999999998        -9.268580477614058E-17
15.100000000000001        -1.7908682036754097E-16
15.2                      -2.0847450540196498E-16
15.299999999999999        -1.220516675661493E-16
15.399999999999999        1.0360177655375596E-16
15.5                      4.174716809623344E-16
15.6                      6.773027193795391E-16
15.7                      6.804361583740521E-16
15.8                      2.5346210254628306E-16
15.9                      -6.185484384512474E-16
16                        -1.6798032216017777E-15
16.1                      -2.390035869822918E-15
16.199999999999996        -2.079902580268013E-15
16.3                      -2.845167379513827E-16
16.400000000000002        2.840863574799691E-15
16.499999999999996        6.228354913908398E-15
16.6                      7.98262442621634E-15
16.7                      6.021163756668372E-15
16.799999999999997        -7.83414191441793E-16
16.900000000000002        -1.1346422428800284E-14
17                        -2.168401554998708E-14
17.1                      -2.5541331745948694E-14
17.2                      -1.673434994338301E-14
17.3                      7.176933978031453E-15
17.400000000000002        4.126657725108265E-14
17.5                      7.181155267841062E-14
17.6                      7.912900089106207E-14
17.7                      4.5462255314424414E-14
17.8                      -3.3767151941532683E-14
17.900000000000002        -1.3987828486244132E-13
18                        -2.2838825325749183E-13
18.099999999999998        -2.3959750097832155E-13
18.2                      -1.2354912919441608E-13
18.3                      1.26755503873585E-13
18.4                      4.478744048824988E-13
18.5                      7.024452730259294E-13
18.6                      7.1443595405816E-13
18.699999999999996        3.4438741088167155E-13
18.8                      -4.152234833010803E-13
18.900000000000002        -1.3656141354864704E-12
18.999999999999996        -2.0993476961693304E-12
19.1                      -2.1085733864877225E-12
19.200000000000003        -1.0030251533171187E-12
19.299999999999997        1.2218429973838576E-12
19.400000000000002        3.982845187663503E-12
19.5                      6.112972441428133E-12
19.6                      6.17284471796563E-12
19.700000000000003        3.061272512548923E-12
19.8                      -3.2430773148439185E-12
19.900000000000002        -1.1127255459858255E-11
20                        -1.735431823336451E-11
20.1                      -1.7909756445642977E-11
20.200000000000003        -9.659914727862415E-12
20.299999999999997        7.626078622919584E-12
20.400000000000002        2.973794630286102E-11
20.5                      4.7976098067725136E-11
20.599999999999998        5.1329137169645585E-11
20.700000000000003        3.0846526196540686E-11
20.8                      -1.4931317740177705E-11
20.9                      -7.567837565559977E-11
21                        -1.2877372402811842E-10
21.1                      -1.4458879858498697E-10
21.2                      -9.766553362989346E-11
21.3                      1.895346987626526E-11
21.400000000000002        1.8176049212731406E-10
21.499999999999996        3.340520299566502E-10
21.6                      3.9793361945267096E-10
21.700000000000003        3.019374172500029E-10
21.8                      1.8037818285686613E-11
21.900000000000002        -4.0539134738480154E-10
22                        -8.321342417031125E-10
22.1                      -1.0631129320922695E-9
22.2                      -9.019899808314713E-10
22.3                      -2.4829184982667976E-10
22.400000000000002        8.136065427354381E-10
22.499999999999996        1.9729322042205683E-9
22.6                      2.7380532172304094E-9
22.700000000000003        2.585139857665144E-9
22.799999999999997        1.1850388375079216E-9
22.900000000000002        -1.3630228183282E-9
23                        -4.395124992780511E-9
23.099999999999998        -6.7464773432222934E-9
23.200000000000003        -7.069070967221815E-9
23.3                      -4.36342884043649E-9
23.4                      1.428334416546977E-9
23.5                      9.010158535129322E-9
23.6                      1.5758024218030267E-8
23.7                      1.834796333124936E-8
23.8                      1.3945672046734476E-8
23.900000000000002        1.651687402732905E-9
24                        -1.633628122946019E-8
24.1                      -3.446544630463552E-8
24.200000000000003        -4.493662059881716E-8
24.3                      -4.021865669764721E-8
24.4                      -1.6408786240621943E-8
24.5                      2.3698957435637183E-8
24.6                      6.927193405080538E-8
24.7                      1.0304259340396638E-7
24.8                      1.0625601838034538E-7
24.900000000000002        6.607153338301351E-8
24.999999999999996        -1.6839592964449676E-8
25.1                      -1.2364865983415665E-7
25.200000000000003        -2.1868981899665333E-7
25.299999999999997        -2.5830152194549554E-7
25.400000000000002        -2.0612548604660163E-7
25.5                      -5.07291039962126E-8
25.599999999999998        1.8096647933990948E-7
25.700000000000003        4.214394684087517E-7
25.8                      5.762124587301334E-7
25.9                      5.531227110075757E-7
26                        3.0045268915429333E-7
26.1                      -1.586751145136976E-7
26.200000000000003        -7.107924124371552E-7
26.299999999999997        -1.167825732391285E-6
26.400000000000002        -1.3177553499068562E-6
26.5                      -1.0009883194968965E-6
26.599999999999998        -1.90089999518397E-7
26.700000000000003        9.577029050594331E-7
26.8                      2.1042850507872745E-6
26.9                      2.806429003707453E-6
27                        2.6554748912339097E-6
27.1                      1.4455680104879325E-6
27.2                      -6.864065778311979E-7
27.3                      -3.211466225125038E-6
27.400000000000002        -5.29480232110617E-6
27.499999999999996        -6.023287505279888E-6
27.6                      -4.7273281338866986E-6
27.700000000000003        -1.301312316518616E-6
27.799999999999997        3.5986184359674906E-6
27.900000000000002        8.587041308825187E-6
28                        1.1861602876893019E-5
28.099999999999998        1.1753267211335833E-5
28.2                      7.3731185423677244E-6
28.3                      -8.57459777427017E-7
28.400000000000002        -1.1017164004699606E-5
28.499999999999996        -1.999048915036446E-5
28.6                      -2.42808981794501E-5
28.700000000000003        -2.1162396643322518E-5
28.799999999999997        -9.838068625434365E-6
28.900000000000002        7.806201341526111E-6
29                        2.721533070965984E-5
29.099999999999998        4.211860937802838E-5
29.200000000000003        4.630267709601456E-5
29.3                      3.576896039944785E-5
29.4                      1.0611815633980032E-5
29.5                      -2.409139125889734E-5
29.6                      -5.8895146038466745E-5
29.7                      -8.221309950890465E-5
29.8                      -8.373739554403787E-5
29.900000000000002        -5.814163323153125E-5
29.999999999999996        -7.885265699462435E-6
30.1                      5.59900363580498E-5
30.200000000000003        1.1572410931991959E-4
30.299999999999997        1.512570827097385E-4
30.4                      1.462412733121455E-4
30.5                      9.39934691660211E-5
30.599999999999998        1.464230881431776E-6
30.7                      -1.1039364718051737E-4
30.799999999999997        -2.1060125512548127E-4
30.9                      -2.659675731020409E-4
31                        -2.509486401664143E-4
31.099999999999998        -1.568376372150113E-4
31.2                      2.645131710722741E-6
31.3                      1.91639654876719E-4
31.4                      3.591460102516339E-4
31.5                      4.5167429151132354E-4
31.6                      4.286426352831508E-4
31.7                      2.763951020711613E-4
31.8                      1.6536780012796228E-5
31.900000000000002        -2.946602390277229E-4
32                        -5.768982156309801E-4
32.1                      -7.449440898216817E-4
32.2                      -7.319666605720892E-4
32.300000000000004        -5.111698264865358E-4
32.39999999999999         -1.0945904386221537E-4
32.5                      3.9174959658053865E-4
32.6                      8.705942405691066E-4
32.7                      0.0011919493754883469
32.800000000000004        0.001242198464641411
32.9                      9.633002809043256E-4
32.99999999999999         3.7692637357124076E-4
33.1                      -4.0917089291774613E-4
33.2                      -0.0012167844664256909
33.300000000000004        -0.00183389952554805
33.4                      -0.002065740990687452
33.5                      -0.0017888982438884339
33.599999999999994        -9.947815368868225E-4
33.699999999999996        1.9053589740649003E-4
33.800000000000004        0.0015187632719652834
33.9                      0.002665654214880519
34                        0.0033040281102447813
34.1                      0.0031884822901836
34.2                      0.0022314624154496985
34.3                      5.496259613477162E-4
34.4                      -0.0015359013878279398
34.5                      -0.003552141381106778
34.6                      -0.004973716758466518
34.7                      -0.005350059570604103
34.800000000000004        -0.004431396945771852
34.89999999999999         -0.0022608487857362085
35                        7.956864373336038E-4
35.1                      0.004097875898874487
35.2                      0.006855467363016693
35.300000000000004        0.008307071514444066
35.4                      0.007914666897577725
35.49999999999999         0.005526563014947833
35.6                      0.0014639413710698767
35.7                      -0.0034997865927609427
35.800000000000004        -0.00827406692893293
35.9                      -0.011680143078688001
36                        -0.012727680302614487
36.099999999999994        -0.010876289839362143
36.199999999999996        -0.006216516407389679
36.300000000000004        4.8191060406509775E-4
36.4                      0.007879523896062121
36.5                      0.014323490895937376
36.6                      0.018203921917959994
36.7                      0.01833513437709373
36.8                      0.01427447178609795
36.9                      0.006498529684595489
37                        -0.00361672483276554
37.1                      -0.014024314662719627
37.2                      -0.022408396820352318
37.300000000000004        -0.026682953238957374
37.39999999999999         -0.025481849366772048
37.5                      -0.018529057562082295
37.6                      -0.006796518988592929
37.7                      0.007602133574025524
37.800000000000004        0.021778686054123097
37.9                      0.03263695216960215
37.99999999999999         0.03752927721230531
38.099999999999994        0.034866090347487604
38.2                      0.0245427059740742
38.300000000000004        0.00807834401456863
38.400000000000006        -0.011582188689320556
38.5                      -0.03058424077917419
38.599999999999994        -0.04490741047615001
38.699999999999996        -0.05119503775961403
38.800000000000004        -0.04749988561238925
38.900000000000006        -0.03378509836927395
39                        -0.01206215039805668
39.1                      0.013883131370844567
39.2                      0.03914280837772308
39.3                      0.05860462834867257
39.400000000000006        0.06796362144674598
39.5                      0.06462936418971629
39.6                      0.04834331582835402
39.7                      0.02137050836707415
39.800000000000004        -0.011791965938909254
39.9                      -0.04515549178950222
40                        -0.07230745812145312
40.1                      -0.08761656137322651
40.2                      -0.08735317089586489
40.300000000000004        -0.07050909320791773
40.400000000000006        -0.03914826060317144
40.49999999999999         0.001800353795584859
40.599999999999994        0.045297298517412266
40.7                      0.08338315716694521
40.800000000000004        0.10860787471236481
40.900000000000006        0.11544761927741694
41                        0.10144643225709071
41.1                      0.06785557421093326
41.199999999999996        0.01962276277181185
41.300000000000004        -0.03530506167653156
41.400000000000006        -0.08727640836254696
41.5                      -0.12662123145814821
41.6                      -0.14543600967949513
41.7                      -0.13913921681423475
41.8                      -0.10749240610065788
41.9                      -0.054866141625391565
42                        0.01033817448172187
42.1                      0.07704279637815276
42.2                      0.13340464122635315
42.300000000000004        0.1689463330676398
42.4                      0.17651474324080477
42.49999999999999         0.15369310798457936
42.6                      0.1033853919097109
42.7                      0.03344203041482467
42.800000000000004        -0.04462410255110169
42.900000000000006        -0.11760912088087537
42.99999999999999         -0.17292202206565715
43.099999999999994        -0.20080133107849304
43.2                      -0.19604068307859718
43.300000000000004        -0.15891258821811358
43.400000000000006        -0.09513061627536103
43.5                      -0.014868627220242975
43.6                      0.06897380218654431
43.699999999999996        0.14294046586104275
43.800000000000004        0.19523628582730146
43.900000000000006        0.21761450899482232
44                        0.2066286591535919
44.1                      0.16406897474939763
44.2                      0.09655098671472784
44.3                      0.014366596347991877
44.4                      -0.07017965917690455
44.5                      -0.14466144713451037
44.6                      -0.19834937756593857
44.7                      -0.22369595945771453
44.800000000000004        -0.2172987576687604
44.9                      -0.1802460518498862
44.99999999999999         -0.11784251441688892
45.1                      -0.0387922292640754
45.2                      0.04602579265615526
45.300000000000004        0.125020934636898
45.400000000000006        0.18741271599729206
45.49999999999999         0.22463550572127178
45.599999999999994        0.23146761942257688
45.7                      0.20675235118715138
45.800000000000004        0.1536141058786212
45.900000000000006        0.07911984857825112
46                        -0.006603999837508408
46.1                      -0.09171814439033624
46.199999999999996        -0.1643244830304067
46.3                      -0.21420535347186925
46.400000000000006        -0.23438401860138067
46.5                      -0.2222410385738738
46.6                      -0.17996992422271832
46.7                      -0.11425408936892553
46.8                      -0.0351826609131302
46.9                      0.04542958577141323
47                        0.11602500844567024
47.1                      0.1672191484531324
47.2                      0.1932789673439407
47.300000000000004        0.19287230134554287
47.4                      0.16894686090783606
47.49999999999999         0.12778465002550468
47.6                      0.0774606201534787
47.7                      0.026068145754148786
47.800000000000004        -0.01987625531826427
47.900000000000006        -0.056485928639289175
48                        -0.08279114552841502
48.099999999999994        -0.10023318814496553
48.2                      -0.1115436954974705
48.300000000000004        -0.11934880560861018
48.400000000000006        -0.1249119758897668
48.5                      -0.12739500063871026
48.6                      -0.12387956659185038
48.699999999999996        -0.11018464942987281
48.8                      -0.08229047088326641
48.900000000000006        -0.03799628288441473
49                        0.021653094401220527
49.1                      0.09161022546827238
49.2                      0.16303156192101884
49.3                      0.22451212824184924
49.4                      0.26415344719603334
49.5                      0.27204466866201865
49.6                      0.24260427301956095
49.7                      0.17622617788170908
49.800000000000004        0.07980498130747055
49.900000000000006        -0.03404731152899736
49.99999999999999         -0.14899093534994368
50.1                      -0.24777843304511535
50.2                      -0.3153365010476741
50.300000000000004        -0.3414754842895184
50.400000000000006        -0.32266987833433686
50.5                      -0.26255533518467533
50.599999999999994        -0.17106676197651619
50.699999999999996        -0.06243291936060294
50.800000000000004        0.04752133452221644
50.900000000000006        0.1441857170120225
51                        0.21651365881944817
51.1                      0.2584676656963004
51.199999999999996        0.26934266594865375
51.3                      0.25300952239078733
51.400000000000006        0.2163562009617656
51.5                      0.16736132663183106
51.6                      0.11328161970064024
51.7                      0.05936583547209597
51.8                      0.00834544022791529
51.9                      -0.03926057281178388
52                        -0.08419942340609063
52.1                      -0.1272264223532888
52.2                      -0.16793213888430658
52.300000000000004        -0.20401654633704044
52.400000000000006        -0.23124465094554914
52.49999999999999         -0.2441323213609237
52.599999999999994        -0.23721334685281584
52.7                      -0.20657814185932938
52.800000000000004        -0.15129050751213163
52.900000000000006        -0.0743021010932968
53                        0.017408337030258635
53.099999999999994        0.11356830345744365
53.199999999999996        0.2021130569253122
53.300000000000004        0.27117147217527815
53.400000000000006        0.3111370752504077
53.5                      0.3164001345415763
53.6                      0.28638599608748466
53.699999999999996        0.22569023411174635
53.8                      0.1432875894952943
53.900000000000006        0.050976565546668615
54                        -0.03863444224010032
54.1                      -0.11421775894222463
54.2                      -0.16751445875884238
54.3                      -0.19451379578347125
54.4                      -0.195841593101756
54.5                      -0.1763215961137305
54.6                      -0.14381590603121716
54.7                      -0.1075664651004208
54.800000000000004        -0.07633494720899767
54.900000000000006        -0.056666582142841
54.99999999999999         -0.051583458398045144
55.099999999999994        -0.059947810358803616
55.2                      -0.07663219915744837
55.300000000000004        -0.09350188450586504
55.400000000000006        -0.10107084608337286
55.5                      -0.09055827480637349
55.599999999999994        -0.05597224711198421
55.699999999999996        0.004193457946423716
55.800000000000004        0.08602696338155359
55.900000000000006        0.18028992227805493
56                        0.27360717468971346
56.1                      0.3506073667345378
56.199999999999996        0.396656257140933
56.3                      0.4006718546512993
56.4                      0.35745664610404443
56.5                      0.26904722234239187
56.6                      0.14475911436208797
56.7                      -1.3887432985861713E-4
56.800000000000004        -0.14690490386333777
56.9                      -0.2764980248932687
56.99999999999999         -0.3728320378407079
57.1                      -0.42547027853351144
57.2                      -0.43123196893095594
57.300000000000004        -0.3944025153948259
57.400000000000006        -0.3255264501040975
57.49999999999999         -0.23905121586145914
57.599999999999994        -0.15032119592850524
57.7                      -0.0725460376030348
57.800000000000004        -0.014360487178553233
57.900000000000006        0.021542138778327627
58                        0.03845393841557027
58.099999999999994        0.04440600924222044
58.199999999999996        0.04993299534477462
58.300000000000004        0.06535088183288702
58.400000000000006        0.09814151904463096
58.5                      0.15100117173231897
58.6                      0.2209566804627583
58.699999999999996        0.2997168525485176
58.8                      0.37516135441148774
58.9                      0.4336332906691542
59                        0.46254580327399947
59.1                      0.45276893754441405
59.2                      0.4003355810685632
59.300000000000004        0.3071720560356644
59.4                      0.18077641322582783
59.49999999999999         0.032982587929144457
59.6                      -0.12188741012395653
59.7                      -0.269100351810765
59.800000000000004        -0.3954455800310468
59.900000000000006        -0.49074015411759786
59.99999999999999         -0.5487486268204854
60.099999999999994        -0.5674923444221144
60.2                      -0.5490240668540965
60.300000000000004        -0.49879605290910617
60.400000000000006        -0.4247549412838496
60.5                      -0.33627231173684907
60.599999999999994        -0.24299085718009375
60.699999999999996        -0.15365455946260842
60.8                      -0.07500672207974649
60.900000000000006        -0.010875256985041694
61                        0.03840078050074921
61.099999999999994        0.07604273504133302
61.199999999999996        0.10828430617519501
61.3                      0.1431853695192345
61.4                      0.18893005296842316
61.49999999999999         0.25188078648074524
61.599999999999994        0.33477381273359014
61.699999999999996        0.43547849519139054
61.8                      0.5466776275300687
61.9                      0.6566599512576135
62                        0.7511792450443612
62.10000000000001         0.8160798736413918
62.199999999999996        0.8401800972290278
62.3                      0.8177989077731135
62.4                      0.7503446330576254
62.5                      0.6465561838927152
62.6                      0.5212676723546481
62.7                      0.3928929762235053
62.8                      0.2801234599603072
62.9                      0.1985284702483624
63                        0.15779505151625509
63.1                      0.1602252739125636
63.2                      0.20084963247748594
63.300000000000004        0.26916954170919594
63.4                      0.3521879024750006
63.5                      0.43810372652862123
63.6                      0.5198989311268392
63.7                      0.5980663712117734
63.800000000000004        0.6819135932430986
63.900000000000006        0.7891852789641692
64                        0.944110006376883
64.1                      1.1743131888779184
64.2                      1.5072739660387562
64.3                      1.9670890110987977
64.4                      2.572225079942949
64.5                      3.3347169975491013
64.60000000000001         4.260953243850829
64.7                      5.353860925410402
64.79999999999998         6.616030597003192
64.9                      8.053167574545908
65                        9.67724850042486
65.10000000000001         11.508892452800957
65.2                      13.578684427470598
65.29999999999998         15.927453628326113
65.4                      18.60574279983422
65.5                      21.67285341786137
65.60000000000001         25.19588658412427
65.7                      29.24912480019667
65.8                      33.91394859563761
65.9                      39.27930582110059
65.99999999999999         45.44260461051374
66.10000000000001         52.51082484877437
66.2                      60.6016543685777
66.3                      69.84454390802243
66.4                      80.38170471051272
66.5                      92.36919847650626
66.60000000000001         105.9783480234924
66.69999999999999         121.39770131896977
66.8                      138.8357080751074
66.9                      158.52413733530688
67                        180.72211394952316
67.10000000000001         205.72052437083167
67.19999999999999         233.84647332967344
67.3                      265.46748095951256
67.39999999999999         300.9951914954793
67.5                      340.8884965369108
67.60000000000001         385.65612207308595
67.7                      435.85885020706104
67.8                      492.11161207813615
67.89999999999999         555.0856807499118
68                        625.5111126773568
68.10000000000001         704.1794517490733
68.2                      791.946551186767
68.3                      889.7352214208859
68.4                      998.5373093172607
68.5                      1119.4147784571194
68.6                      1253.499398619427
68.7                      1401.9907544597284
68.8                      1566.152421997366
68.9                      1747.3063002970698
69                        1946.8251872040498
69.1                      2166.1237242368916
69.2                      2406.647797247472
69.3                      2669.862379676643
69.4                      2957.2376787036933
69.5                      3270.2333383953164
69.60000000000001         3610.280414330677
69.7                      3978.7608919906047
69.79999999999998         4376.984681037944
69.9                      4806.164254184685
70                        5267.387363150501
70.10000000000001         5761.588495098869
70.2                      6289.51987753846
70.29999999999998         6851.722867271316
70.4                      7448.500470327845
70.49999999999999         8079.891566406618
70.60000000000001         8745.647204897134
70.7                      9445.209156095954
70.8                      10177.690784619095
70.9                      10941.860282710544
70.99999999999999         11736.126353448695
71.10000000000001         12558.5265413826
71.2                      13406.718535035538
71.3                      14277.974878430608
71.4                      15169.181604279265
71.5                      16076.841329523775
71.60000000000001         16997.08133384849
71.69999999999999         17925.667076691938
71.8                      18858.02150036868
71.9                      19789.25031656228
72                        20714.173282792304
72.10000000000001         21627.36125383385
72.19999999999999         22523.178561142402
72.3                      23395.830062214314
72.39999999999999         24239.4120461626
72.5                      25047.966108607765
72.60000000000001         25815.53512632905
72.7                      26536.220553002328
72.8                      27204.240382232394
72.89999999999999         27813.98723254647
73                        28360.086056856868
73.10000000000001         28837.450944655484
73.2                      29241.34037935253
73.3                      29567.410175991492
73.4                      29811.763212534555
73.5                      29970.99503339158
73.6                      30042.23447549491
73.7                      30023.178638500212
73.8                      29912.121751484414
73.9                      29707.97771903367
74                        29410.296301928636
74.1                      29019.272966446937
74.2                      28535.752421325546
74.29999999999998         27961.225786659314
74.4                      27297.821259496694
74.5                      26548.288112189242
74.60000000000001         25715.973917902105
74.7                      24804.79504826592
74.79999999999998         23819.200705182076
74.9                      22764.130987018583
75                        21644.969701089663
75.10000000000001         20467.492785216473
75.2                      19237.813279211776
75.29999999999998         17962.323800988957
75.4                      16647.637452030853
75.49999999999999         15300.528022895181
75.60000000000001         13927.87030175225
75.7                      12536.581207031562
75.8                      11133.562363252913
75.9                      9725.644615949575
75.99999999999999         8319.534848770589
76.10000000000001         6921.765349150463
76.19999999999999         5538.645900879636
76.3                      4176.218788256985
76.4                      2840.2169821420557
76.5                      1536.0259190861846
76.60000000000001         268.64943105953995
76.69999999999999         -957.3195262701043
76.80000000000001         -2137.7227160490147
76.9                      -3268.8545504936096
77                        -4347.4738864290275
77.10000000000001         -5370.809783216954
77.19999999999999         -6336.561625064536
77.30000000000001         -7242.894230708202
77.39999999999999         -8088.4286689308465
77.5                      -8872.2294668368
77.60000000000001         -9593.788775958312
77.7                      -10253.00790822025
77.80000000000001         -10850.17652789054
77.89999999999999         -11385.949723488751
78                        -11861.3231889445
78.1                      -12277.606790063448
78.2                      -12636.396839847597
78.30000000000001         -12939.547419269098
78.4                      -13189.141045792916
78.5                      -13387.45892545802
78.6                      -13536.950961719132
78.7                      -13640.205675346368
78.80000000000001         -13699.920238564315
78.9                      -13718.870938213478
79                        -13699.884521421776
79.1                      -13645.8109885326
79.2                      -13559.498428516297
79.3                      -13443.770410361974
79.4                      -13301.406253594658
79.5                      -13135.124241142681
79.60000000000001         -12947.56757044104
79.7                      -12741.29262895184
79.8                      -12518.75907569084
79.9                      -12282.321227354692
80                        -12034.220369464643
80.10000000000001         -11776.57779813453
80.2                      -11511.388595551647
80.30000000000001         -11240.516306619173
80.4                      -10965.688786047649
80.49999999999999         -10688.495513891216
80.60000000000001         -10410.386637658688
80.7                      -10132.6739037887
80.80000000000001         -9856.533506570415
80.9                      -9583.010725554946
80.99999999999999         -9313.026062299388
81.10000000000001         -9047.382447344018
81.19999999999999         -8786.77299599929
81.30000000000001         -8531.78877347296
81.4                      -8282.926103410908
81.5                      -8040.593117636852
81.60000000000001         -7805.115472943848
81.69999999999999         -7576.741404791138
81.80000000000001         -7355.646487262789
81.89999999999999         -7141.938568025987
82                        -6935.663313306876
82.10000000000001         -6736.8106331595845
82.2                      -6545.322000806739
82.30000000000001         -6361.098398444379
82.39999999999999         -6184.008391376606
82.5                      -6013.895715610384
82.60000000000001         -5850.585793313424
82.7                      -5693.890758904297
82.80000000000001         -5543.61284320014
82.89999999999999         -5399.5462584977295
83                        -5261.47798392172
83.1                      -5129.1880115122685
83.2                      -5002.449648726902
83.30000000000001         -4881.030381664161
83.4                      -4764.693611346347
83.5                      -4653.201326898723
83.6                      -4546.317526102465
83.7                      -4443.811984978645
83.8                      -4345.463853118275
83.9                      -4251.064534209303
84                        -4160.419406397335
84.10000000000001         -4073.348129001869
84.2                      -3989.6835355293188
84.3                      -3909.2693778255125
84.4                      -3831.9574061772632
84.5                      -3757.6043942353726
84.60000000000001         -3686.069713048974
84.7                      -3617.213920907378
84.8                      -3550.898593044276
84.9                      -3486.9873232558107
84.99999999999999         -3425.3475585428387
85.10000000000001         -3365.852744899201
85.2                      -3308.384212321048
85.30000000000001         -3252.832320271036
85.4                      -3199.0965936310185
85.49999999999999         -3147.0848460924435
85.60000000000001         -3096.7115419819256
85.7                      -3047.8958242417334
85.80000000000001         -3000.5596951429734
85.9                      -2954.626770301073
85.99999999999999         -2910.0218616254183
86.10000000000001         -2866.6714299597184
86.19999999999999         -2824.5047400363587
86.30000000000001         -2783.4553976286747
86.4                      -2743.462880663994
86.5                      -2704.4736980000994
86.60000000000001         -2666.4419060126793
86.69999999999999         -2629.3288552000063
86.80000000000001         -2593.102193722864
86.89999999999999         -2557.734292857494
87                        -2523.2003595209317
87.10000000000001         -2489.4765512102904
87.2                      -2456.5384047562256
87.30000000000001         -2424.35983456915
87.39999999999999         -2392.9128565769765
87.5                      -2362.168064617584
87.60000000000001         -2332.095746360923
87.7                      -2302.667400273878
87.80000000000001         -2273.857329273197
87.89999999999999         -2245.643961743083
88                        -2218.010597104525
88.1                      -2190.945386318089
88.2                      -2164.440516288969
88.30000000000001         -2138.4907369766806
88.4                      -2113.091511986145
88.5                      -2088.2371535454745
88.6                      -2063.9193014728035
88.7                      -2040.1260234088597
88.8                      -2016.8416707466101
88.9                      -1994.0474565042607
89                        -1971.7225684403247
89.10000000000001         -1949.8455285557727
89.2                      -1928.3954806604113
89.3                      -1907.353134434657
89.4                      -1886.7012026971872
89.5                      -1866.4243098772235
89.60000000000001         -1846.5084889277823
89.7                      -1826.9404877172885
89.8                      -1807.7071499382037
89.9                      -1788.7951096064314
89.99999999999999         -1770.1909485091005
90.10000000000001         -1751.8818339097463
90.2                      -1733.8565116805964
90.30000000000001         -1716.106413877317
90.4                      -1698.6265810632754
90.49999999999999         -1681.416117122592
90.60000000000001         -1664.4779880202882
90.69999999999999         -1647.8181260420652
90.80000000000001         -1631.4439712397304
90.9                      -1615.3627282690338
90.99999999999999         -1599.5796996996623
91.10000000000001         -1584.0970517482936
91.19999999999999         -1568.9132737689297
91.30000000000001         -1554.0234315182076
91.4                      -1539.420127421371
91.5                      -1525.0949170939834
91.60000000000001         -1511.0398320485713
91.69999999999999         -1497.2486475987123
91.80000000000001         -1483.7176120282395
91.89999999999999         -1470.4454944575043
92                        -1457.4329751786743
92.10000000000001         -1444.6815500749788
92.2                      -1432.1922143924878
92.30000000000001         -1419.9642116682237
92.39999999999999         -1407.9940826721424
92.5                      -1396.2751471260744
92.6                      -1384.7974301871986
92.7                      -1373.547941560618
92.80000000000001         -1362.5111562319232
92.89999999999999         -1351.669546282364
93                        -1341.004068521163
93.1                      -1330.4946002021215
93.2                      -1320.1204001091555
93.30000000000001         -1309.860717901754
93.4                      -1299.6956541300399
93.5                      -1289.6072814971683
93.6                      -1279.5808969031714
93.7                      -1269.6061305281232
93.8                      -1259.67755226816
93.9                      -1249.7944396002656
94                        -1239.9595280241358
94.10000000000001         -1230.1768349114923
94.2                      -1220.4489626356876
94.3                      -1210.7745481950208
94.4                      -1201.1466328165502
94.5                      -1191.5526084681712
94.60000000000001         -1181.9760546136215
94.7                      -1172.4002792277477
94.8                      -1162.8128567621586
94.9                      -1153.2100717249425
94.99999999999999         -1143.6000645770055
95.10000000000001         -1134.0036999067822
95.2                      -1124.452699688558
95.30000000000001         -1114.9852761771256
95.4                      -1105.6401693449786
95.49999999999999         -1096.450449479507
95.60000000000001         -1087.4385500793449
95.69999999999999         -1078.6137125164003
95.80000000000001         -1069.972426436367
95.9                      -1061.5017014743332
96                        -1053.1843086439505
96.10000000000001         -1045.0046657151092
96.19999999999999         -1036.9539218170985
96.30000000000001         -1029.0330376949921
96.4                      -1021.2531816067627
96.5                      -1013.6334241624712
96.60000000000001         -1006.1963532929424
96.69999999999999         -998.9626972450105
96.80000000000001         -991.9462435279992
96.89999999999999         -985.1502442733332
97                        -978.5661363476233
97.10000000000001         -972.1748621794052
97.2                      -965.9504724916378
97.30000000000001         -959.8651554521545
97.39999999999999         -953.8944887873221
97.5                      -948.0216395220743
97.6                      -942.239472388673
97.7                      -936.5500343498634
97.80000000000001         -930.9615489563579
97.9                      -925.4837162739294
98                        -920.1225915929751
98.1                      -914.8764630250193
98.2                      -909.7339010632128
98.3                      -904.6745608702084
98.4                      -899.6725374585689
98.5                      -894.701330332809
98.6                      -889.7389941131923
98.7                      -884.771989791995
98.8                      -879.7966361877653
98.9                      -874.8177808499173
99                        -869.8451438505176
99.10000000000001         -864.8884780217984
99.2                      -859.9530226671804
99.3                      -855.036607343817
99.4                      -850.1292363128963
99.49999999999999         -845.215227417821
99.60000000000001         -840.2772316465708
99.7                      -835.3009466368654
99.80000000000001         -830.2791977286123
99.9                      -825.2143081430177
99.99999999999999         -820.1182109693025
