0                         4.577741948914539E-59
0.09999999999999999       -1.311074690808364E-46
0.19999999999999998       2.4904792669154666E-46
0.30000000000000004       4.573592139959481E-45
0.39999999999999997       -2.778472050233124E-44
0.5                       3.2166841693895263E-44
0.6000000000000001        1.8226892807461083E-43
0.7000000000000001        -4.669048346130904E-43
0.7999999999999999        -8.063562432618916E-43
0.8999999999999999        2.9833844112172075E-42
1                         3.893785962654279E-42
1.1                       -1.382670091002737E-41
1.2000000000000002        -2.2058823512963774E-41
1.3                       4.776552206047126E-41
1.4000000000000001        1.1911305388654277E-40
1.5                       -9.420170644418346E-41
1.5999999999999999        -5.218134830845036E-40
1.7                       -1.6047432306867332E-40
1.7999999999999998        1.639048480665874E-39
1.9                       2.3549808662503656E-39
2                         -2.602150647998475E-39
2.0999999999999996        -1.0730611198660332E-38
2.2                       -5.658437905394221E-39
2.3                       2.5299939639709526E-38
2.4000000000000004        5.181725826519115E-38
2.5                       -1.1826493131765924E-39
2.6                       -1.5187652583854982E-37
2.7                       -2.2238426511930323E-37
2.8000000000000003        8.900067191330225E-38
2.9000000000000004        7.529061602093254E-37
3                         9.409364931080101E-37
3.1                       -5.246831428682168E-37
3.1999999999999997        -3.3513019637525266E-36
3.3000000000000003        -4.12193814479153E-36
3.4                       1.851859615308337E-36
3.5                       1.3690107476180888E-35
3.5999999999999996        1.8535309150688238E-35
3.7                       -2.631061760355929E-36
3.8                       -5.065695844603439E-35
3.9                       -8.186735699239804E-35
4                         -2.028382020314924E-35
4.1000000000000005        1.6207825526713156E-34
4.199999999999999         3.3767071282210204E-34
4.3                       2.208429872584238E-34
4.4                       -3.972773127023907E-34
4.5                       -1.2383306537977696E-33
4.6                       -1.3400206367834742E-33
4.7                       3.9220266869870815E-34
4.800000000000001         3.788644780158756E-33
4.9                       6.133758773118604E-33
5                         2.8775870286350333E-33
5.1000000000000005        -8.361676527071206E-33
5.2                       -2.210738121937175E-32
5.3                       -2.3174364221745845E-32
5.4                       4.764148647545706E-33
5.5                       5.969435775039508E-32
5.6000000000000005        1.0335135120668006E-31
5.699999999999999         6.850414253408561E-32
5.800000000000001         -9.078505760493126E-32
5.9                       -3.2091087941791377E-31
6                         -4.255232897992412E-31
6.1                       -1.4355177412406079E-31
6.2                       6.174512568639382E-31
6.300000000000001         1.4998090090699416E-30
6.3999999999999995        1.6325207795969828E-30
6.5                       7.328073321611047E-32
6.6000000000000005        -3.2282575496109646E-30
6.7                       -6.4748929140412E-30
6.8                       -6.100778804742572E-30
6.9                       1.2004711319087001E-30
7                         1.4747758342214979E-29
7.1000000000000005        2.6675979607209934E-29
7.199999999999999         2.303704696456895E-29
7.300000000000001         -7.885450219191906E-30
7.4                       -6.164901701609994E-29
7.499999999999999         -1.067141073711564E-28
7.6                       -8.996517615065357E-29
7.699999999999999         3.165253382556106E-29
7.8                       2.401334322435843E-28
7.9                       4.1719640270026235E-28
8                         3.6441007786835127E-28
8.099999999999998         -8.340311694515E-29
8.200000000000001         -8.741721497371801E-28
8.3                       -1.5910239165818035E-27
8.399999999999999         -1.5073263337964544E-27
8.5                       2.9642324584543726E-29
8.6                       2.9464898345045696E-27
8.700000000000001         5.871713889099416E-27
8.8                       6.215729588187516E-27
8.9                       1.3852723409781969E-27
9                         -8.964370010134044E-27
9.1                       -2.0705497428672955E-26
9.2                       -2.4961911454714074E-26
9.3                       -1.1626521450548155E-26
9.4                       2.315728066273306E-26
9.499999999999998         6.85386885395524E-26
9.600000000000001         9.57266341733379E-26
9.700000000000001         6.686581170073128E-26
9.8                       -4.1458966859258746E-26
9.9                       -2.0739039983412863E-25
10                        -3.4457448215954335E-25
10.100000000000001        -3.190909499084564E-25
10.200000000000001        -1.7639885979583554E-26
10.299999999999999        5.464703599818834E-25
10.4                      1.1429054628812716E-24
10.5                      1.3318034855136436E-24
10.6                      6.390945253225166E-25
10.700000000000001        -1.1057388728436661E-24
10.8                      -3.4025568086614384E-24
10.9                      -4.9398162703375325E-24
11                        -3.957690305894834E-24
11.1                      7.76623368873018E-25
11.200000000000001        8.647296813518151E-24
11.3                      1.6240396706630728E-23
11.399999999999999        1.774093826428034E-23
11.5                      7.382230288225195E-24
11.600000000000001        -1.632145157938795E-23
11.7                      -4.631025139172471E-23
11.8                      -6.572207939778457E-23
11.9                      -5.2722967812001075E-23
12                        7.613792288264964E-24
12.100000000000001        1.0770930241295555E-22
12.2                      2.064622186590983E-22
12.3                      2.3376823177897825E-22
12.4                      1.184254014589332E-22
12.499999999999998        -1.6340338719049377E-22
12.600000000000001        -5.380941379588286E-22
12.700000000000001        -8.159519979289229E-22
12.799999999999999        -7.38570379334487E-22
12.9                      -1.0560034392049243E-22
13                        1.0499266522796497E-21
13.100000000000001        2.3219816541826226E-21
13.200000000000001        2.9448550994467864E-21
13.299999999999999        2.0538380645100056E-21
13.4                      -8.124370127957742E-22
13.5                      -5.135966181541692E-21
13.6                      -9.09644259689266E-21
13.700000000000001        -9.878211933684583E-21
13.8                      -4.822882693090902E-21
13.899999999999999        6.759954708413452E-21
14                        2.1853000270634123E-20
14.1                      3.321410526913295E-20
14.200000000000001        3.119449418562719E-20
14.3                      8.241314659781007E-21
14.399999999999999        -3.5026864857381594E-20
14.5                      -8.495950116591543E-20
14.600000000000001        -1.1500189145911333E-19
14.7                      -9.384951323226021E-20
14.8                      -1.6182325557294105E-21
14.9                      1.5087626121682047E-19
14.999999999999998        3.0951277871673574E-19
15.100000000000001        3.8261349120971595E-19
15.2                      2.727412260917112E-19
15.299999999999999        -6.871443501438836E-20
15.399999999999999        -5.82904357083502E-19
15.5                      -1.0730663941345502E-18
15.6                      -1.236867400020862E-18
15.7                      -7.796726924910001E-19
15.8                      4.096701896299448E-19
15.9                      2.085774283548631E-18
16                        3.5775482588703946E-18
16.1                      3.922391608251865E-18
16.199999999999996        2.2438698727981747E-18
16.3                      -1.7023199821078197E-18
16.400000000000002        -7.026347962764473E-18
16.499999999999996        -1.1552285421456706E-17
16.6                      -1.2296893111097358E-17
16.7                      -6.664899299243014E-18
16.799999999999997        5.901740701842172E-18
16.900000000000002        2.2475373665590005E-17
17                        3.6295176536673124E-17
17.1                      3.8308566354529684E-17
17.2                      2.0791931560545512E-17
17.3                      -1.777391560311587E-17
17.400000000000002        -6.850537794292702E-17
17.5                      -1.1118528488557784E-16
17.6                      -1.1882194077974993E-16
17.7                      -6.819441759575021E-17
17.8                      4.599034102039332E-17
17.900000000000002        1.9880508129209958E-16
18                        3.3199736053703402E-16
18.099999999999998        3.6641023035678456E-16
18.2                      2.315473684475644E-16
18.3                      -9.399896454312882E-17
18.4                      -5.461927820395813E-16
18.5                      -9.636359130361664E-16
18.6                      -1.1183706466450712E-15
18.699999999999996        -7.954969702155129E-16
18.8                      9.34577527397939E-17
18.900000000000002        1.4025095993272141E-15
18.999999999999996        2.7041615684388197E-15
19.1                      3.3563948139873093E-15
19.200000000000003        2.707304280208193E-15
19.299999999999997        4.0601704061332725E-16
19.400000000000002        -3.277635493541667E-15
19.5                      -7.273387636379005E-15
19.6                      -9.824368837471791E-15
19.700000000000003        -8.982843939201554E-15
19.8                      -3.4386021779131662E-15
19.900000000000002        6.5487369273311745E-15
20                        1.849969339864142E-14
20.1                      2.7785799389107553E-14
20.200000000000003        2.873452114281189E-14
20.299999999999997        1.6752978112089913E-14
20.400000000000002        -9.020216336769969E-15
20.5                      -4.349991155022807E-14
20.599999999999998        -7.509846339424926E-14
20.700000000000003        -8.787458450561413E-14
20.8                      -6.670026619794186E-14
20.9                      -4.541727868924175E-15
21                        9.043118148526046E-14
21.1                      1.911963119337071E-13
21.2                      2.549813174182533E-13
21.3                      2.349361556003719E-13
21.400000000000002        9.92213894815684E-14
21.499999999999996        -1.4750036055176003E-13
21.6                      -4.4862340480507784E-13
21.700000000000003        -6.959625123513141E-13
21.8                      -7.532549071935702E-13
21.900000000000002        -5.033223060496707E-13
22                        9.083120424943117E-14
22.1                      9.314619594744083E-13
22.2                      1.7652853930934185E-12
22.3                      2.221513041866051E-12
22.400000000000002        1.9196026828509925E-12
22.499999999999996        6.319546617625377E-13
22.6                      -1.5442960445552142E-12
22.700000000000003        -4.077587515218382E-12
22.799999999999997        -6.031312316118314E-12
22.900000000000002        -6.283874169192477E-12
23                        -3.931312561190729E-12
23.099999999999998        1.2191773047246494E-12
23.200000000000003        8.23815262069126E-12
23.3                      1.4961657417804733E-11
23.4                      1.836234451140821E-11
23.5                      1.5461926013661897E-11
23.6                      4.634209986110886E-12
23.7                      -1.3088488978832489E-11
23.8                      -3.3266538547631387E-11
23.900000000000002        -4.8430699481454224E-11
24                        -4.9921202046424765E-11
24.1                      -3.1042523071224153E-11
24.200000000000003        9.23833010892419E-12
24.3                      6.33880770146051E-11
24.4                      1.1477233618078803E-10
24.5                      1.40729649652647E-10
24.6                      1.1949104376564006E-10
24.7                      3.965677833762729E-11
24.8                      -9.067419041884415E-11
24.900000000000002        -2.3908683509287833E-10
24.999999999999996        -3.5213846275222056E-10
25.1                      -3.6871511361976813E-10
25.200000000000003        -2.4202482738128165E-10
25.299999999999997        3.5364177054788174E-11
25.400000000000002        4.1253009774175666E-10
25.5                      7.774576284750236E-10
25.599999999999998        9.781067217660667E-10
25.700000000000003        8.680520541246146E-10
25.8                      3.6772606184783733E-10
25.9                      -4.774963088305839E-10
26                        -1.4670154703589462E-9
26.1                      -2.2652804662839933E-9
26.200000000000003        -2.4835831834860525E-9
26.299999999999997        -1.813774743727696E-9
26.400000000000002        -1.8003920352906257E-10
26.5                      2.1447148717997148E-9
26.599999999999998        4.516664369591985E-9
26.700000000000003        6.0359030009770375E-9
26.8                      5.8025493010413064E-9
26.9                      3.2646095452380757E-9
27                        -1.4450296420748326E-9
27.1                      -7.316512397805834E-9
27.2                      -1.2539972937755375E-8
27.3                      -1.4914472072082684E-8
27.400000000000002        -1.254589091635934E-8
27.499999999999996        -4.6661241892031135E-9
27.6                      7.695745382367406E-9
27.700000000000003        2.149209201158954E-8
27.799999999999997        3.2115861799511705E-8
27.900000000000002        3.459012402920254E-8
28                        2.528147933201775E-8
28.099999999999998        3.670900288576535E-9
28.2                      -2.6451708214687102E-8
28.3                      -5.6987482845966064E-8
28.400000000000002        -7.709391118526234E-8
28.499999999999996        -7.622871228870855E-8
28.6                      -4.802326470616021E-8
28.700000000000003        6.156351087437739E-9
28.799999999999997        7.532776462574132E-8
28.900000000000002        1.3985711984651542E-7
29                        1.7576343834613714E-7
29.099999999999998        1.6181611567640133E-7
29.200000000000003        8.774117732430717E-8
29.3                      -3.900995523415032E-8
29.4                      -1.9068417834611683E-7
29.5                      -3.229057287076016E-7
29.6                      -3.850816720152475E-7
29.7                      -3.3582714851589615E-7
29.8                      -1.5953480139310558E-7
29.900000000000002        1.212046113144684E-7
29.999999999999996        4.426172945307293E-7
30.1                      7.096979506030314E-7
30.200000000000003        8.191877926602821E-7
30.299999999999997        6.913701303934445E-7
30.4                      3.024959069132991E-7
30.5                      -2.926174835255313E-7
30.599999999999998        -9.57675728467765E-7
30.7                      -1.497600068867235E-6
30.799999999999997        -1.705925931315423E-6
30.9                      -1.4278589159268563E-6
31                        -6.227462473491187E-7
31.099999999999998        5.940006143250973E-7
31.2                      1.947775159776678E-6
31.3                      3.050819021161885E-6
31.4                      3.4948955004629585E-6
31.5                      2.9729461235547143E-6
31.6                      1.3989925298217469E-6
31.7                      -1.011051487956552E-6
31.8                      -3.731640070861394E-6
31.900000000000002        -6.012437534440326E-6
32                        -7.0516121920809795E-6
32.1                      -6.225774656056132E-6
32.2                      -3.3204773322249145E-6
32.300000000000004        1.3076837671704176E-6
32.39999999999999         6.7014922195548345E-6
32.5                      1.1445248724909697E-5
32.6                      1.3975789370235009E-5
32.7                      1.3009120679858874E-5
32.800000000000004        7.983539726201982E-6
32.9                      -6.068197750378468E-7
32.99999999999999         -1.1110152154561467E-5
33.1                      -2.092873240309458E-5
33.2                      -2.7053383441928016E-5
33.300000000000004        -2.683855632301246E-5
33.4                      -1.8848489896442057E-5
33.5                      -3.547167951136262E-6
33.599999999999994        1.6400407151223515E-5
33.699999999999996        3.63880442999992E-5
33.800000000000004        5.0739564615527485E-5
33.9                      5.407885300478364E-5
34                        4.292029350002458E-5
34.1                      1.707826942152825E-5
34.2                      -1.954153566149994E-5
34.3                      -5.912679999456805E-5
34.4                      -9.127993308799246E-5
34.5                      -1.0535281962388859E-4
34.6                      -9.336167626631414E-5
34.7                      -5.279417659668267E-5
34.800000000000004        1.1495594997555834E-5
34.89999999999999         8.702606167624732E-5
35                        1.5548199944907101E-4
35.1                      1.9650395403425958E-4
35.2                      1.928496006580655E-4
35.300000000000004        1.3579414669866784E-4
35.4                      2.933472136693716E-5
35.49999999999999         -1.0820539366177986E-4
35.6                      -2.461532215757449E-4
35.7                      -3.4724400390783496E-4
35.800000000000004        -3.7636751854403097E-4
35.9                      -3.1053150174172966E-4
36                        -1.475796229375079E-4
36.099999999999994        8.895597094028937E-5
36.199999999999996        3.5096172403170466E-4
36.300000000000004        5.737028242163502E-4
36.4                      6.898490756101701E-4
36.5                      6.46982396444345E-4
36.6                      4.245559085611778E-4
36.7                      4.564043401343783E-5
36.8                      -4.207001984505266E-4
36.9                      -8.688384940151613E-4
37                        -0.0011775430725732277
37.1                      -0.0012390529981126316
37.2                      -9.900432218799757E-4
37.300000000000004        -4.366031584733521E-4
37.39999999999999         3.344953118611745E-4
37.5                      0.0011637160358080028
37.6                      0.0018472262087156645
37.7                      0.002182072676139527
37.800000000000004        0.002019132144508825
37.9                      0.0013112960432375609
37.99999999999999         1.4345133421013006E-4
38.099999999999994        -0.001266679670483831
38.2                      -0.0026019713555851197
38.300000000000004        -0.0035106134750349056
38.400000000000006        -0.0036904756092049707
38.5                      -0.0029744788293725234
38.599999999999994        -0.0013951009703336357
38.699999999999996        7.918931072580835E-4
38.800000000000004        0.0031369544282842244
38.900000000000006        0.00508012401298782
39                        0.006075156345877361
39.1                      0.005728865585773402
39.2                      0.0039225345523373955
39.3                      8.820220043500724E-4
39.400000000000006        -0.002828475885599407
39.5                      -0.00639817445788617
39.6                      -0.008935739363370374
39.7                      -0.009678126826057272
39.800000000000004        -0.008195782629774254
39.9                      -0.0045426135625659956
40                        6.936387892078095E-4
40.1                      0.006465712155222892
40.2                      0.011462980271757586
40.300000000000004        0.014396029523468096
40.400000000000006        0.014310397662557912
40.49999999999999         0.010856148366896804
40.599999999999994        0.004442492009610532
40.7                      -0.0037730098381400625
40.800000000000004        -0.012076155705902909
40.900000000000006        -0.018541779796610255
41                        -0.02146624398453234
41.1                      -0.019791801251755108
41.199999999999996        -0.013420528212467652
41.300000000000004        -0.00333233570088623
41.400000000000006        0.008539358112725026
41.5                      0.01966692818301635
41.6                      0.02745879127006614
41.7                      0.029850542210249045
41.8                      0.025823500407277454
41.9                      0.015723795368595635
42                        0.0012924046075453353
42.1                      -0.014622217052916213
42.2                      -0.02862510033344467
42.300000000000004        -0.037498855617143334
42.4                      -0.038935514519280595
42.49999999999999         -0.032109479814172205
42.6                      -0.017951927833181596
42.7                      9.520755828886862E-4
42.800000000000004        0.0208402272440173
42.900000000000006        0.037534542048949696
42.99999999999999         0.04733029697860277
43.099999999999994        0.04781954925066058
43.2                      0.038463895090138235
43.300000000000004        0.020781109254207186
43.400000000000006        -0.001907470454236487
43.5                      -0.025125524787187572
43.6                      -0.04415416950877828
43.699999999999996        -0.055015272010374774
43.800000000000004        -0.05531426024695865
43.900000000000006        -0.04475955536122948
44                        -0.025245186493226237
44.1                      -4.778939039852435E-4
44.2                      0.02477130130306631
44.3                      0.04563070681215486
44.4                      0.058102172360773655
44.5                      0.05984263561396822
44.6                      0.050595377648306225
44.7                      0.03219207971403643
44.800000000000004        0.008140031949012463
44.9                      -0.01710461300798251
44.99999999999999         -0.039015780631585964
45.1                      -0.05384396539767738
45.2                      -0.05926378289835585
45.300000000000004        -0.05470878710232879
45.400000000000006        -0.041352945102295646
45.49999999999999         -0.021773995788677704
45.599999999999994        6.047893578516694E-4
45.7                      0.022163638481376372
45.800000000000004        0.03969308941686513
45.900000000000006        0.05085243658250282
46                        0.054419961844907806
46.1                      0.050327424050682856
46.199999999999996        0.039516277154783466
46.3                      0.023680816019797882
46.400000000000006        0.004969693754903317
46.5                      -0.014295902942642835
46.6                      -0.03185447669424077
46.7                      -0.04568157324470851
46.8                      -0.0541275974213531
46.9                      -0.05603873761903897
47                        -0.050876369855342024
47.1                      -0.0388322207891714
47.2                      -0.02091518548132566
47.300000000000004        0.0010301283691559286
47.4                      0.024415942091097247
47.49999999999999         0.04614414673054541
47.6                      0.06298012593888422
47.7                      0.07203122784657612
47.800000000000004        0.07125776914693685
47.900000000000006        0.05992030920844354
48                        0.03886265638823152
48.099999999999994        0.01054936039469736
48.2                      -0.021182761631747482
48.300000000000004        -0.05164481704881897
48.400000000000006        -0.07601637619374274
48.5                      -0.09014817434294427
48.6                      -0.09130329670460545
48.699999999999996        -0.07869565560118855
48.8                      -0.05371578689777878
48.900000000000006        -0.019788501821180124
49                        0.01812574921080896
49.1                      0.054307105632029576
49.2                      0.08319837234455366
49.3                      0.10031249540300387
49.4                      0.10296633542042755
49.5                      0.0907127597421952
49.6                      0.06539788642017463
49.7                      0.03083818163590172
49.800000000000004        -0.007819988868490765
49.900000000000006        -0.044940673572186146
49.99999999999999         -0.07528874767233212
50.1                      -0.09481712329542402
50.2                      -0.10122238189457672
50.300000000000004        -0.09418818582475008
50.400000000000006        -0.0752963436728476
50.5                      -0.047646392014903796
50.599999999999994        -0.015273961649227289
50.699999999999996        0.017513264220531025
50.800000000000004        0.0467601071696038
50.900000000000006        0.06934843185112781
51                        0.08328066892877992
51.1                      0.08774906709637485
51.199999999999996        0.08302207276650984
51.3                      0.07021089096356294
51.400000000000006        0.050991731577288354
51.5                      0.027351379248687156
51.6                      0.0013996125201061463
51.7                      -0.024740339988999077
51.8                      -0.048982934523655444
51.9                      -0.0693131215843562
52                        -0.08384542263261363
52.1                      -0.09094153883312664
52.2                      -0.08939355313794597
52.300000000000004        -0.07864938195963313
52.400000000000006        -0.059030782728476866
52.49999999999999         -0.03188023075091973
52.599999999999994        4.235844619343409E-4
52.7                      0.034620602116807876
52.800000000000004        0.06689880848091204
52.900000000000006        0.09336251840010812
53                        0.1105685653311002
53.099999999999994        0.1160380379352687
53.199999999999996        0.10864958861218295
53.300000000000004        0.0888397045234158
53.400000000000006        0.05857165502229018
53.5                      0.021079781165529363
53.6                      -0.019561237809800146
53.699999999999996        -0.05896172272094731
53.8                      -0.09294503914824381
53.900000000000006        -0.11799635137110782
54                        -0.1315777463742154
54.1                      -0.13229237643484276
54.2                      -0.11991566172521384
54.3                      -0.09533512153002038
54.4                      -0.06044557274371518
54.5                      -0.01803269410764808
54.6                      0.028348862319375195
54.7                      0.07452585203528839
54.800000000000004        0.11592769474519272
54.900000000000006        0.14792060031922857
54.99999999999999         0.166272612800048
55.099999999999994        0.16772431265127102
55.2                      0.15058899183917374
55.300000000000004        0.1152638988917248
55.400000000000006        0.06451676927478335
55.5                      0.003430030557603336
55.599999999999994        -0.061059908433790784
55.699999999999996        -0.12100862034198935
55.800000000000004        -0.16858448689551217
55.900000000000006        -0.19727808821082174
56                        -0.20297419342162526
56.1                      -0.18467042049813887
56.199999999999996        -0.14468751168471994
56.3                      -0.08831585170689275
56.4                      -0.022958782288042958
56.5                      0.043061956308197195
56.6                      0.10180484987488816
56.7                      0.14686168811581105
56.800000000000004        0.17415571567956412
56.9                      0.18226132686258406
56.99999999999999         0.17223181419652667
57.1                      0.1470290142045457
57.2                      0.11072775207532004
57.300000000000004        0.06770082424496274
57.400000000000006        0.021970795713765128
57.49999999999999         -0.0231498478183444
57.599999999999994        -0.06510051397328813
57.7                      -0.10186094717593988
57.800000000000004        -0.13162280096541978
57.900000000000006        -0.15251105420072042
58                        -0.16250218630336408
58.099999999999994        -0.1596208616749438
58.199999999999996        -0.1424032323740153
58.300000000000004        -0.1105180998668978
58.400000000000006        -0.06536451370111962
58.5                      -0.010438448018837997
58.6                      0.04870669558677395
58.699999999999996        0.10499454117726327
58.8                      0.1508218842007327
58.9                      0.17935559244066407
59                        0.18586987952444767
59.1                      0.16882126594416375
59.2                      0.1303892225658811
59.300000000000004        0.07631181789106775
59.4                      0.014996697068458232
59.49999999999999         -0.04394660149465846
59.6                      -0.09146709346922748
59.7                      -0.1207610750597016
59.800000000000004        -0.12852859114219797
59.900000000000006        -0.11552477305188097
59.99999999999999         -0.08628515175843338
60.099999999999994        -0.04808514252602315
60.2                      -0.009361903710127469
60.300000000000004        0.022057096428522917
60.400000000000006        0.04053633075132611
60.5                      0.043690248386516015
60.599999999999994        0.032702969207357595
60.699999999999996        0.01186154930379514
60.8                      -0.012571711890204156
60.900000000000006        -0.033879634560267005
61                        -0.04645350311246557
61.099999999999994        -0.04704658661916335
61.199999999999996        -0.035440102893762176
61.3                      -0.014380405537697493
61.4                      0.011185780461539552
61.49999999999999         0.035388681474065806
61.599999999999994        0.0529154486357964
61.699999999999996        0.06033276670722279
61.8                      0.0569259500813209
61.9                      0.04484109856320516
62                        0.028484588193153627
62.10000000000001         0.013318533214944134
62.199999999999996        0.004347317653083738
62.3                      0.004678650722191308
62.4                      0.014537470413118288
62.5                      0.031009412833094736
62.6                      0.0486141340119634
62.7                      0.06059962622056173
62.8                      0.06065936728529205
62.9                      0.04465422037469978
63                        0.011903666611501865
63.1                      -0.034296353965604306
63.2                      -0.08709001921147094
63.300000000000004        -0.13734745436358564
63.4                      -0.1755405504473314
63.5                      -0.19378141546567362
63.6                      -0.1875512482969899
63.7                      -0.15671689449572979
63.800000000000004        -0.10559860473329623
63.900000000000006        -0.0420743941166514
64                        0.024070112457727735
64.1                      0.08316560095690145
64.2                      0.1275954119430274
64.3                      0.15321075730744793
64.4                      0.1599188578696794
64.5                      0.15133407123092682
64.60000000000001         0.13360023965676732
64.7                      0.11368241980289298
64.79999999999998         0.09754468960511757
64.9                      0.08865129194726294
65                        0.08714670679015486
65.10000000000001         0.08990533362459709
65.2                      0.09143153543941004
65.29999999999998         0.08538499726284791
65.4                      0.06635374792822317
65.5                      0.03143524383931929
65.60000000000001         -0.018768919174212473
65.7                      -0.07999622205292195
65.8                      -0.1450493546797225
65.9                      -0.20523102991721037
65.99999999999999         -0.25213695002031455
66.10000000000001         -0.27936877563532914
66.2                      -0.28375344873171177
66.3                      -0.2657860269121089
66.4                      -0.22921605132856437
66.5                      -0.17991849426141476
66.60000000000001         -0.12437048913502509
66.69999999999999         -0.06814645254076983
66.8                      -0.014823461629621863
66.9                      0.034436596539541356
67                        0.08055535538350773
67.10000000000001         0.12559187518983386
67.19999999999999         0.1714821217983549
67.3                      0.21884222072588158
67.39999999999999         0.266186507460905
67.5                      0.3097895204846517
67.60000000000001         0.34424054554326605
67.7                      0.36355054174404305
67.8                      0.36252472653765033
67.89999999999999         0.3380467202915861
68                        0.2899463463143577
68.10000000000001         0.22123238396191164
68.2                      0.137632604096014
68.3                      0.04655382615318028
68.4                      -0.044287791580661526
68.5                      -0.12824330466068676
68.6                      -0.20079798575526286
68.7                      -0.26009321963524606
68.8                      -0.30680108536305134
68.9                      -0.34340277275844455
69                        -0.37305992065153176
69.1                      -0.39835998534483297
69.2                      -0.420243429501658
69.3                      -0.43737711818519714
69.4                      -0.44613527944192133
69.5                      -0.44120993945084686
69.60000000000001         -0.41672789046195596
69.7                      -0.3676332697818236
69.79999999999998         -0.2910303098232997
69.9                      -0.18718469008736643
70                        -0.0599537865835958
70.10000000000001         0.08346008486414555
70.2                      0.23339198660773722
70.29999999999998         0.3790541395154582
70.4                      0.5100609755274772
70.49999999999999         0.6178372815024274
70.60000000000001         0.6966470056860292
70.7                      0.7440780005322604
70.8                      0.760947479443413
70.9                      0.7507207692904139
70.99999999999999         0.7186302495991165
71.10000000000001         0.670720661586232
71.2                      0.6130256091237778
71.3                      0.551009320974894
71.4                      0.48931189616845355
71.5                      0.43174509232348734
71.60000000000001         0.3814255661790302
71.69999999999999         0.3409185894928106
71.8                      0.31229778107896833
71.9                      0.2970909972036064
72                        0.2961554263462158
72.10000000000001         0.30958056589296723
72.19999999999999         0.33673666575037525
72.3                      0.3765608503100347
72.39999999999999         0.42810982394741937
72.5                      0.49132493115092934
72.60000000000001         0.5678767947181752
72.7                      0.6619065253200651
72.8                      0.7804751326149986
72.89999999999999         0.9335773359124465
73                        1.1336628625231158
73.10000000000001         1.3947191928095064
73.2                      1.7310798093072413
73.3                      2.1562057115267494
73.4                      2.6817243302313374
73.5                      3.3169873074015586
73.6                      4.06932724460237
73.7                      4.9450665078888285
73.8                      5.951182518844444
73.9                      7.0973945392230515
74                        8.39833848774087
74.1                      9.875464278101957
74.2                      11.558337037953365
74.29999999999998         13.485144305929982
74.4                      15.702382488560417
74.5                      18.263879621270277
74.60000000000001         21.229463873559567
74.7                      24.66366936502
74.79999999999998         28.63485982349662
74.9                      33.21504704679611
75                        38.480510558635814
75.10000000000001         44.51313194792137
75.2                      51.40219418794844
75.29999999999998         59.24630758427473
75.4                      68.15513447002618
75.49999999999999         78.2506912241434
75.60000000000001         89.66817844826502
75.7                      102.55647968297532
75.8                      117.07862318231719
75.9                      133.4125783570168
75.99999999999999         151.752739544646
76.10000000000001         172.3123428977029
76.19999999999999         195.3268989325266
76.3                      221.05854820805527
76.4                      249.8011048072438
76.5                      281.8854731815076
76.60000000000001         317.68511974737964
76.69999999999999         357.6213415931884
76.80000000000001         402.1681750173575
76.9                      451.85689353460333
77                        507.28012795413844
77.10000000000001         569.0956792796007
77.19999999999999         638.0300807947526
77.30000000000001         714.881903946329
77.39999999999999         800.5247085223931
77.5                      895.9094317470951
77.60000000000001         1002.0659152820813
77.7                      1120.1032037040216
77.80000000000001         1251.208227931725
77.89999999999999         1396.642520208908
78                        1557.7366922848469
78.1                      1735.8825336536854
78.2                      1932.52273054939
78.30000000000001         2149.138340541983
78.4                      2387.2342528462905
78.5                      2648.3228983941253
78.6                      2933.906438103308
78.7                      3245.457563278275
78.80000000000001         3584.3989180631725
78.9                      3952.0810423724024
79                        4349.7586786920965
79.1                      4778.565320709415
79.2                      5239.486017366434
79.3                      5733.328667099651
79.4                      6260.694303270771
79.5                      6821.947127310857
79.60000000000001         7417.185234006077
79.7                      8046.213050730354
79.8                      8708.516461696798
79.9                      9403.24142161962
80                        10129.17661894315
80.10000000000001         10884.740481162056
80.2                      11667.972579773323
80.30000000000001         12476.529334350806
80.4                      13307.683856942735
80.49999999999999         14158.329817249694
80.60000000000001         15024.989321035942
80.7                      15903.824939130895
80.80000000000001         16790.65615697955
80.9                      17680.980594150333
80.99999999999999         18570.000340616647
81.10000000000001         19452.653659474196
81.19999999999999         20323.652119441427
81.30000000000001         21177.522966808567
81.4                      22008.65626023615
81.5                      22811.35601543283
81.60000000000001         23579.894383624764
81.69999999999999         24308.567754598364
81.80000000000001         24991.753654164306
81.89999999999999         25623.967398768487
82                        26199.917654743644
82.10000000000001         26714.560283090603
82.2                      27163.150076120823
82.30000000000001         27541.290152613026
82.39999999999999         27844.978830734817
82.5                      28070.653727942863
82.60000000000001         28215.232664368978
82.7                      28276.150723456856
82.80000000000001         28251.39262408877
82.89999999999999         28139.51945635832
83                        27939.688881731312
83.1                      27651.668112122978
83.2                      27275.83932980297
83.30000000000001         26813.197619425362
83.4                      26265.341862174155
83.5                      25634.45930286863
83.6                      24923.304588695544
83.7                      24135.17398755721
83.8                      23273.875272034267
83.9                      22343.693488119938
84                        21349.352615678363
84.10000000000001         20295.973051758127
84.2                      19189.024946644487
84.3                      18034.277678257095
84.4                      16837.746095194776
84.5                      15605.634495102538
84.60000000000001         14344.27953701227
84.7                      13060.093348352642
84.8                      11759.507963842425
84.9                      10448.92196205218
84.99999999999999         9134.649823321719
85.10000000000001         7822.87421220894
85.2                      6519.601167746852
85.30000000000001         5230.618109233277
85.4                      3961.4546326993122
85.49999999999999         2717.3462413385973
85.60000000000001         1503.2013550231225
85.7                      323.5721087978544
85.80000000000001         -817.370476767172
85.9                      -1915.8564154868984
85.99999999999999         -2968.5313854526007
86.10000000000001         -3972.465927100223
86.19999999999999         -4925.159339805506
86.30000000000001         -5824.538662252217
86.4                      -6668.953315283528
86.5                      -7457.166087713233
86.60000000000001         -8188.341143294647
86.69999999999999         -8862.029627999946
86.80000000000001         -9478.153286904222
86.89999999999999         -10036.986300673852
87                        -10539.135372848157
87.10000000000001         -10985.517989015825
87.2                      -11377.338761937115
87.30000000000001         -11716.063881707227
87.39999999999999         -12003.393884966388
87.5                      -12241.235190804728
87.60000000000001         -12431.671055544408
87.7                      -12576.93270886599
87.80000000000001         -12679.371408353561
87.89999999999999         -12741.431986168205
88                        -12765.628200620366
88.1                      -12754.519919280061
88.2                      -12710.691930868916
88.30000000000001         -12636.734075037539
88.4                      -12535.222417250245
88.5                      -12408.70135682599
88.6                      -12259.666775302569
88.7                      -12090.550526568553
88.8                      -11903.706666679323
88.9                      -11701.399782352264
89                        -11485.795613117447
89.10000000000001         -11258.95392652624
89.2                      -11022.823375660213
89.3                      -10779.237916292186
89.4                      -10529.914331209742
89.5                      -10276.450502449352
89.60000000000001         -10020.324248931845
89.7                      -9762.892743215381
89.8                      -9505.392671843001
89.9                      -9248.941365026203
89.99999999999999         -8994.539082550795
90.10000000000001         -8743.072526334556
90.2                      -8495.319499981631
90.30000000000001         -8251.95450010023
90.4                      -8013.554939366218
90.49999999999999         -7780.607682506919
90.60000000000001         -7553.515617361314
90.69999999999999         -7332.604063197247
90.80000000000001         -7118.126912113597
90.9                      -6910.272484856179
90.99999999999999         -6709.169145705485
91.10000000000001         -6514.890755733893
91.19999999999999         -6327.462048052503
91.30000000000001         -6146.863983874382
91.4                      -5973.039098345966
91.5                      -5805.896778948874
91.60000000000001         -5645.318352180557
91.69999999999999         -5491.161806971775
91.80000000000001         -5343.265977061034
91.89999999999999         -5201.454052632923
92                        -5065.5363913739875
92.10000000000001         -4935.312728611472
92.2                      -4810.5740075139975
92.30000000000001         -4691.104121139713
92.39999999999999         -4576.681846999523
92.5                      -4467.083154887065
92.6                      -4362.083903531534
92.7                      -4261.462759752492
92.80000000000001         -4165.004033432322
92.89999999999999         -4072.500070116505
93                        -3983.7528993029446
93.1                      -3898.5749832343404
93.2                      -3816.7891004866487
93.30000000000001         -3738.2275697424707
93.4                      -3662.731119589335
93.5                      -3590.147715179537
93.6                      -3520.331572490686
93.7                      -3453.142465250514
93.8                      -3388.44530992832
93.9                      -3326.109943242925
94                        -3266.0110019361377
94.10000000000001         -3208.027863418591
94.2                      -3152.0446731164348
94.3                      -3097.950529054463
94.4                      -3045.6398882914505
94.5                      -2995.01320004215
94.60000000000001         -2945.9776792352764
94.7                      -2898.4480498844687
94.8                      -2852.3470467951156
94.9                      -2807.605486789902
94.99999999999999         -2764.1618021813106
95.10000000000001         -2721.961043351354
95.2                      -2680.9534679087656
95.30000000000001         -2641.0929100953344
95.4                      -2602.3351515654053
95.49999999999999         -2564.6364983472417
95.60000000000001         -2527.9527266526093
95.69999999999999         -2492.238511421207
95.80000000000001         -2457.4474058023006
95.9                      -2423.532393401697
96                        -2390.446975635386
96.10000000000001         -2358.146674250299
96.19999999999999         -2326.590728835901
96.30000000000001         -2295.7436756240772
96.4                      -2265.5764461233484
96.5                      -2236.066660275549
96.60000000000001         -2207.197926663191
96.69999999999999         -2178.9581847421855
96.80000000000001         -2151.33737721122
96.89999999999999         -2124.3249474735903
97                        -2097.907743537151
97.10000000000001         -2072.068833027313
97.2                      -2046.7875032163429
97.30000000000001         -2022.0403978353415
97.39999999999999         -1997.8034273373505
97.5                      -1974.0538823908787
97.6                      -1950.7721496955926
97.7                      -1927.942584222638
97.80000000000001         -1905.5533790427053
97.9                      -1883.5955946400643
98                        -1862.0617559063717
98.1                      -1840.9445175757369
98.2                      -1820.2358149258102
98.3                      -1799.9266963973382
98.4                      -1780.0077649194
98.5                      -1760.4699347166325
98.6                      -1741.3051159882443
98.7                      -1722.506496742411
98.8                      -1704.0682683104112
98.9                      -1685.9848660127354
99                        -1668.249984233502
99.10000000000001         -1650.8557106377843
99.2                      -1633.792084211474
99.3                      -1617.0472396724829
99.4                      -1600.608113703753
99.49999999999999         -1584.461522921531
99.60000000000001         -1568.595330515203
99.7                      -1552.9994175425575
99.80000000000001         -1537.6662519355527
99.9                      -1522.590966889556
99.99999999999999         -1507.7709791017455
