0                         1.6180872777411032E-55
0.09999999999999999       -9.362718846703983E-42
0.19999999999999998       7.442289746557208E-39
0.30000000000000004       1.0648759440709123E-38
0.39999999999999997       -9.140563660382254E-37
0.5                       3.9455697559207404E-36
0.6000000000000001        -7.200022809208961E-36
0.7000000000000001        -1.906267977476909E-35
0.7999999999999999        1.4782489111930764E-34
0.8999999999999999        -2.381541184993002E-34
1                         -5.575843086309446E-34
1.1                       2.0470538713404205E-33
1.2000000000000002        1.4950774398876161E-33
1.3                       -1.0428224776830202E-32
1.4000000000000001        -6.176180738494353E-33
1.5                       4.267835648514783E-32
1.5999999999999999        4.13190404406999E-32
1.7                       -1.3818961623093878E-31
1.7999999999999998        -2.4707162879525935E-31
1.9                       2.7584267024558097E-31
2                         1.0868577989219232E-30
2.0999999999999996        2.2158266918428157E-31
2.2                       -3.178231559127807E-30
2.3                       -4.4328826031262104E-30
2.4000000000000004        3.9740241341624004E-30
2.5                       1.8100126442929698E-29
2.6                       1.3152562108282757E-29
2.7                       -3.2142727733648365E-29
2.8000000000000003        -8.230184546090876E-29
2.9000000000000004        -3.5304158985443583E-29
3                         1.638525077056645E-28
3.1                       3.447615947137556E-28
3.1999999999999997        1.2389049479513065E-28
3.3000000000000003        -6.696346780340532E-28
3.4                       -1.396117275006383E-27
3.5                       -6.6213299853631E-28
3.5999999999999996        2.2687720301642925E-27
3.7                       5.414626298733123E-27
3.8                       3.896978417261672E-27
3.9                       -5.906119749757255E-27
4                         -1.9276351505022707E-26
4.1000000000000005        -2.0373042805457914E-26
4.199999999999999         7.495816611202258E-27
4.3                       5.896192034588103E-26
4.4                       8.926716841877594E-26
4.5                       3.182794865144475E-26
4.6                       -1.364609151127936E-25
4.7                       -3.1819181880484114E-25
4.800000000000001         -2.9280248710347063E-25
4.9                       1.3454759734021737E-25
5                         8.661766862360578E-25
5.1000000000000005        1.3331393714336858E-24
5.2                       6.988335886124299E-25
5.3                       -1.430583853695414E-24
5.4                       -4.124519665379797E-24
5.5                       -4.9009233947425574E-24
5.6000000000000005        -9.948950421326153E-25
5.699999999999999         7.907398411648641E-24
5.800000000000001         1.7071954461219017E-23
5.9                       1.7079991477485386E-23
6                         -6.782961241722038E-25
6.1                       -3.456214098801407E-23
6.2                       -6.534257570870651E-23
6.300000000000001         -5.986056418641637E-23
6.3999999999999995        8.866990405912292E-24
6.5                       1.3084926348411933E-22
6.6000000000000005        2.3776390268675622E-22
6.7                       2.179534791539404E-22
6.8                       -1.7667362479112662E-23
6.9                       -4.384156155776303E-22
7                         -8.265556702713657E-22
7.1000000000000005        -8.196782789062132E-22
7.199999999999999         -1.068407343917327E-22
7.300000000000001         1.2738562983845645E-21
7.4                       2.7070706194817792E-21
7.499999999999999         3.0722334431874738E-21
7.6                       1.264293966595309E-21
7.699999999999999         -2.9371423923145813E-21
7.8                       -8.078228859635625E-21
7.9                       -1.0958899134406409E-20
8                         -7.789430447378522E-21
8.099999999999998         3.476401436726801E-21
8.200000000000001         2.0530230308124463E-20
8.3                       3.5429592575336705E-20
8.399999999999999         3.630068742592297E-20
8.5                       1.2687401373901379E-20
8.6                       -3.669571670015161E-20
8.700000000000001         -9.71861172286914E-20
8.8                       -1.3702636093608118E-19
8.9                       -1.1584962069839612E-19
9                         -3.6861852905978486E-21
9.1                       1.9382712713549592E-19
9.2                       4.142729624964569E-19
9.3                       5.358921139008071E-19
9.4                       4.080036161662604E-19
9.499999999999998         -7.908647839249866E-20
9.600000000000001         -8.956764958852084E-19
9.700000000000001         -1.782342039525416E-18
9.8                       -2.229797129176235E-18
9.9                       -1.5999437301022662E-18
10                        5.705218465507726E-19
10.100000000000001        4.126885213730354E-18
10.200000000000001        7.887535821992823E-18
10.299999999999999        9.571276605015784E-18
10.4                      6.393612051358498E-18
10.5                      -3.508747581647773E-18
10.6                      -1.9097696769412404E-17
10.700000000000001        -3.47744851995807E-17
10.8                      -4.0414452516574084E-17
10.9                      -2.4425762536568762E-17
11                        1.9819106794122524E-17
11.1                      8.581129573075909E-17
11.200000000000001        1.480309002198686E-16
11.3                      1.6394581506584476E-16
11.399999999999999        8.846843359688439E-17
11.5                      -9.925428943317313E-17
11.600000000000001        -3.648610713017719E-16
11.7                      -6.002392929898253E-16
11.8                      -6.37921809651133E-16
11.9                      -3.125217071562792E-16
12                        4.36240071797076E-16
12.100000000000001        1.4536978642408799E-15
12.2                      2.3158841910432844E-15
12.3                      2.40063639608957E-15
12.4                      1.1246519765229343E-15
12.499999999999998        -1.6856611431094235E-15
12.600000000000001        -5.421419235585478E-15
12.700000000000001        -8.533386876871859E-15
12.799999999999999        -8.817249668039725E-15
12.9                      -4.256938343246285E-15
13                        5.707434497101941E-15
13.100000000000001        1.8943068644764044E-14
13.200000000000001        3.013419557312749E-14
13.299999999999999        3.176543493838005E-14
13.4                      1.692255537349276E-14
13.5                      -1.6542702527074344E-14
13.6                      -6.19484949698268E-14
13.700000000000001        -1.0208279125490543E-13
13.8                      -1.1216616416191527E-13
13.899999999999999        -6.860191007164579E-14
14                        3.7796198653992465E-14
14.1                      1.8851505299483867E-13
14.200000000000001        3.309295925079281E-13
14.3                      3.8600437070933936E-13
14.399999999999999        2.740627695748622E-13
14.5                      -4.454358466602577E-14
14.600000000000001        -5.264125972644992E-13
14.7                      -1.0203381558985262E-12
14.8                      -1.283425838124773E-12
14.9                      -1.0523220454494315E-12
14.999999999999998        -1.638279377444984E-13
15.100000000000001        1.3085679624467001E-12
15.2                      2.961487485795674E-12
15.299999999999999        4.0810763413678385E-12
15.399999999999999        3.825464603845529E-12
15.5                      1.5672594409332761E-12
15.6                      -2.686656795168668E-12
15.7                      -7.96133959790362E-12
15.8                      -1.2272099089368382E-11
15.9                      -1.3046093548338218E-11
16                        -8.043392268228174E-12
16.1                      3.4067010612715566E-12
16.199999999999996        1.928122753869766E-11
16.3                      3.4439108014015213E-11
16.400000000000002        4.144678079910601E-11
16.499999999999996        3.28882446077635E-11
16.6                      4.814063896441144E-12
16.7                      -3.9714768602970054E-11
16.799999999999997        -8.858022269217478E-11
16.900000000000002        -1.2172117067341904E-10
17                        -1.1640879784033718E-10
17.1                      -5.625249970047937E-11
17.2                      5.8393995847654E-11
17.3                      2.026693940505295E-10
17.400000000000002        3.2679118476887123E-10
17.5                      3.665420645213921E-10
17.6                      2.649431822237507E-10
17.7                      5.642643902919989E-13
17.8                      -3.870197173728682E-10
17.900000000000002        -7.870162531457437E-10
18                        -1.033551875937177E-9
18.099999999999998        -9.525862117426936E-10
18.2                      -4.3262543391024307E-10
18.3                      5.008936359630734E-10
18.4                      1.6376229065764092E-9
18.5                      2.5919894054880366E-9
18.6                      2.8902423421033907E-9
18.699999999999996        2.1300765073044075E-9
18.8                      1.759029858838776E-10
18.900000000000002        -2.6765154764929795E-9
18.999999999999996        -5.645668606356923E-9
19.1                      -7.585492456151657E-9
19.200000000000003        -7.301213865431898E-9
19.299999999999997        -4.007579774934458E-9
19.400000000000002        2.1994865368431733E-9
19.5                      1.003998735318361E-8
19.6                      1.709807649516585E-8
19.700000000000003        2.0332116581755486E-8
19.8                      1.7016854528201546E-8
19.900000000000002        5.90986066658708E-9
20                        -1.1725367320077059E-8
20.1                      -3.168093138895291E-8
20.200000000000003        -4.7322724802365026E-8
20.299999999999997        -5.120403771454746E-8
20.400000000000002        -3.755005448689975E-8
20.5                      -4.988981111745119E-9
20.599999999999998        4.139415679984509E-8
20.700000000000003        8.966247577462185E-8
20.8                      1.2299015754317375E-7
20.9                      1.2405665310971596E-7
21                        8.109465622468223E-8
21.1                      -6.026520827149652E-9
21.2                      -1.2182979664688817E-7
21.3                      -2.354553357095561E-7
21.400000000000002        -3.063521498194583E-7
21.499999999999996        -2.9520097444494094E-7
21.6                      -1.7794847080598852E-7
21.700000000000003        4.089645998236356E-8
21.8                      3.204912051280326E-7
21.900000000000002        5.857939433521192E-7
22                        7.419767134466813E-7
22.1                      7.000807409605286E-7
22.2                      4.087948422751371E-7
22.3                      -1.1636108787864761E-7
22.400000000000002        -7.769492324262623E-7
22.499999999999996        -1.3979761534539482E-6
22.6                      -1.7614935980813989E-6
22.700000000000003        -1.664741842864862E-6
22.799999999999997        -9.91312938268428E-7
22.900000000000002        2.2388724430713172E-7
23                        1.758852083099565E-6
23.099999999999998        3.2182822254074842E-6
23.200000000000003        4.107527577751142E-6
23.3                      3.9610250088700425E-6
23.4                      2.5004576559949497E-6
23.5                      -2.189892582524923E-7
23.6                      -3.7244390359788293E-6
23.7                      -7.148462791582869E-6
23.8                      -9.384129074156452E-6
23.900000000000002        -9.362062284825405E-6
24                        -6.398224264367072E-6
24.1                      -5.238986596868489E-7
24.200000000000003        7.310830443360823E-6
24.3                      1.5260741247207365E-5
24.4                      2.0895041478720953E-5
24.5                      2.177939995837833E-5
24.6                      1.622838704568018E-5
24.7                      4.044189866118748E-6
24.8                      -1.299072668995148E-5
24.900000000000002        -3.108919097734394E-5
24.999999999999996        -4.504362765230751E-5
25.1                      -4.9411697861615045E-5
25.200000000000003        -4.0109023451322175E-5
25.299999999999997        -1.6035724303567395E-5
25.400000000000002        1.975042639510946E-5
25.5                      5.979736963461928E-5
25.599999999999998        9.328874592641091E-5
25.700000000000003        1.0837492558338308E-4
25.8                      9.545313662781778E-5
25.9                      5.066143109330533E-5
26                        -2.1411021083962334E-5
26.1                      -1.0682363396805102E-4
26.200000000000003        -1.8394513967308105E-4
26.299999999999997        -2.2785086910671662E-4
26.400000000000002        -2.168531591349628E-4
26.5                      -1.3976339667512165E-4
26.599999999999998        -1.9047150990843776E-6
26.700000000000003        1.722348256252278E-4
26.8                      3.4134466087731386E-4
26.9                      4.551812246848004E-4
27                        4.67037939263163E-4
27.1                      3.482300611686542E-4
27.2                      1.0081138494831942E-4
27.3                      -2.3563836162518274E-4
27.400000000000002        -5.86544244225391E-4
27.499999999999996        -8.556150363543873E-4
27.6                      -9.474691272515855E-4
27.700000000000003        -7.951498734728096E-4
27.799999999999997        -3.8565027712145336E-4
27.900000000000002        2.2436501846132294E-4
28                        9.092975195097041E-4
28.099999999999998        0.0014951266102217723
28.2                      0.0017980046487071747
28.3                      0.0016737024170538346
28.400000000000002        0.0010660983478433255
28.499999999999996        4.08181007208863E-5
28.6                      -0.0012083850225317226
28.700000000000003        -0.002387612331013679
28.799999999999997        -0.0031639471335421295
28.900000000000002        -0.0032489942488140586
29                        -0.002485874466788696
29.099999999999998        -9.16334536655086E-4
29.200000000000003        0.0011940102306020987
29.3                      0.0033865926020237727
29.4                      0.005098319778827294
29.5                      0.005793393675650307
29.6                      0.005110277275830669
29.7                      0.002986852675818428
29.8                      -2.732397913451537E-4
29.900000000000002        -0.004020156715573966
29.999999999999996        -0.007371634293092977
30.1                      -0.009405531751563802
30.200000000000003        -0.00939246721418753
30.299999999999997        -0.007013572591103159
30.4                      -0.002504313705196889
30.5                      0.003323740004554748
30.599999999999998        0.009206185912095936
30.7                      0.013682489704463657
30.799999999999997        0.015438289350639093
30.9                      0.013656939083169515
31                        0.008291557558224544
31.099999999999998        1.7792132634551495E-4
31.2                      -0.009060621422705688
31.3                      -0.01731782083698
31.4                      -0.022467086321678497
31.5                      -0.022883988719645674
31.6                      -0.01790432184302127
31.7                      -0.008095780472474143
31.8                      0.004744865270961709
31.900000000000002        0.017897398940265555
32                        0.02828176796810041
32.1                      0.03316584457985436
32.2                      0.03085664722100482
32.300000000000004        0.021203619123853504
32.39999999999999         0.005773937580020064
32.5                      -0.012371061655154197
32.6                      -0.02927679404071056
32.7                      -0.040957767306159736
32.800000000000004        -0.04433276763843222
32.9                      -0.03801302030336243
32.99999999999999         -0.02274416708185702
33.1                      -0.0013738003032432657
33.2                      0.021677125095810063
33.300000000000004        0.04134264054554735
33.4                      0.05304237857237857
33.5                      0.05375832813700472
33.599999999999994        0.0428018122628776
33.699999999999996        0.022076435967643197
33.800000000000004        -0.004246400847303032
33.9                      -0.030587528511488285
34                        -0.05117548483230688
34.1                      -0.06134724932731413
34.2                      -0.05863485403972345
34.3                      -0.04337919101350379
34.4                      -0.01871543268177342
34.5                      0.010082651399470545
34.6                      0.0367623378531903
34.7                      0.055496940329245535
34.800000000000004        0.06221406887317449
34.89999999999999         0.05553621444907554
35                        0.03710770502039423
35.1                      0.011222515826191787
35.2                      -0.016168852869057136
35.300000000000004        -0.03884675066229832
35.4                      -0.05177998404196171
35.49999999999999         -0.052307866257904
35.6                      -0.04076155128882507
35.7                      -0.020369642473235694
35.800000000000004        0.0035371980442536932
35.9                      0.024838695625767578
36                        0.038142586489111306
36.099999999999994        0.0401404497673834
36.199999999999996        0.030467115538857337
36.300000000000004        0.01184260292266804
36.4                      -0.010555340297847333
36.5                      -0.030354728727236567
36.6                      -0.041597797422774384
36.7                      -0.040311194655372584
36.8                      -0.02565118781806024
36.9                      -3.2523236387233337E-4
37                        0.02984735439323683
37.1                      0.057173595625763636
37.2                      0.07386961216927648
37.300000000000004        0.0739926891492132
37.39999999999999         0.055071943066670015
37.5                      0.01903286587606346
37.6                      -0.027847696267321816
37.7                      -0.0760107147100357
37.800000000000004        -0.11453051962809276
37.9                      -0.13349449817839562
37.99999999999999         -0.12633601219176605
38.099999999999994        -0.09158979642008147
38.2                      -0.033638535855701424
38.300000000000004        0.03777830286846746
38.400000000000006        0.10925776275734361
38.5                      0.16632368573838596
38.599999999999994        0.19639563581791716
38.699999999999996        0.19151211545310542
38.800000000000004        0.15021323142155318
38.900000000000006        0.07815068087272914
39                        -0.012744406230525623
39.1                      -0.10639981636606292
39.2                      -0.1856306379274134
39.3                      -0.23544920924258927
39.400000000000006        -0.2459862594084003
39.5                      -0.21443396282792485
39.6                      -0.1456259273346736
39.7                      -0.05115002953593589
39.800000000000004        0.05281426264383525
39.9                      0.1484941719692833
40                        0.21976583874142636
40.1                      0.2550197644192004
40.2                      0.24912192150872026
40.300000000000004        0.20413372767364915
40.400000000000006        0.12870056361557308
40.49999999999999         0.0362712888721551
40.599999999999994        -0.05747703241259742
40.7                      -0.13750130743469585
40.800000000000004        -0.19199933242645983
40.900000000000006        -0.21428741516989658
41                        -0.20363003187477535
41.1                      -0.16491489597433812
41.199999999999996        -0.10729459724809831
41.300000000000004        -0.042115104653201015
41.400000000000006        0.01941772249990224
41.5                      0.06834667252055042
41.6                      0.09942663008509692
41.7                      0.11167776697830507
41.8                      0.10797212435413243
41.9                      0.09381281747949405
42                        0.07563838015397391
42.1                      0.05907660295822925
42.2                      0.047563114032346365
42.300000000000004        0.041634898423149304
42.4                      0.03903586443367122
42.49999999999999         0.03557371296126137
42.6                      0.02649203056290097
42.7                      0.00800815370255219
42.800000000000004        -0.0213615146959873
42.900000000000006        -0.06000979576954552
42.99999999999999         -0.10317603336844493
43.099999999999994        -0.14364475587719283
43.2                      -0.17307362507673285
43.300000000000004        -0.1836857331682005
43.400000000000006        -0.16998400190790391
43.5                      -0.1301356970736221
43.6                      -0.06673256071113036
43.699999999999996        0.01325450446116461
43.800000000000004        0.09935783905212332
43.900000000000006        0.1792046154029106
44                        0.2405485881549925
44.1                      0.2733774748521207
44.2                      0.2717025347101842
44.3                      0.2346844986035111
44.4                      0.16686905770516156
44.5                      0.07747473309874614
44.6                      -0.021137780637490795
44.7                      -0.11552282736874941
44.800000000000004        -0.19333884112201355
44.9                      -0.2452557884892737
44.99999999999999         -0.2662371064070512
45.1                      -0.2559930882357229
45.2                      -0.21858075197831411
45.300000000000004        -0.16129838643143737
45.400000000000006        -0.0931520909908227
45.49999999999999         -0.023230544961916552
45.599999999999994        0.04069435124681116
45.7                      0.09310756119586511
45.800000000000004        0.1311220389720123
45.900000000000006        0.15430211295877308
46                        0.16406877788317487
46.1                      0.1628823101620917
46.199999999999996        0.15341319650269034
46.3                      0.1378823703642697
46.400000000000006        0.1176895238560723
46.5                      0.09337115613584406
46.6                      0.06485496203678069
46.7                      0.031917532153098456
46.8                      -0.005283542498925606
46.9                      -0.04574102259706245
47                        -0.08731398461548877
47.1                      -0.1267118197511378
47.2                      -0.15977785342245737
47.300000000000004        -0.18204643744880739
47.4                      -0.18949232111837994
47.49999999999999         -0.17934689495990508
47.6                      -0.15082954037178584
47.7                      -0.10563913765997354
47.800000000000004        -0.04807389975080134
47.900000000000006        0.015302631279360455
48                        0.07645882022405642
48.099999999999994        0.12707705293117366
48.2                      0.15995293998845528
48.300000000000004        0.17037053200757923
48.400000000000006        0.15717516378154597
48.5                      0.1232815131109789
48.6                      0.07543258828266232
48.699999999999996        0.023160697106624988
48.8                      -0.022927543393918455
48.900000000000006        -0.05324968285150417
49                        -0.061310831874879526
49.1                      -0.045271392318561476
49.2                      -0.008623786224587395
49.3                      0.040247679079854146
49.4                      0.08960810305557189
49.5                      0.1267404864718225
49.6                      0.14065755390062187
49.7                      0.12456815669406349
49.800000000000004        0.07754147140557581
49.900000000000006        0.004977832956020462
49.99999999999999         -0.08224383161012962
50.1                      -0.16977836111138614
50.2                      -0.24256737290409586
50.300000000000004        -0.28775580227600256
50.400000000000006        -0.29716780101757556
50.5                      -0.26884241076779336
50.599999999999994        -0.207336082837157
50.699999999999996        -0.12275801322537434
50.800000000000004        -0.028758810406226906
50.900000000000006        0.06010724332667067
51                        0.13111631100132976
51.1                      0.17567131810600542
51.199999999999996        0.19072382729538448
51.3                      0.1790633181812882
51.400000000000006        0.14844154715011482
51.5                      0.10973109343503051
51.6                      0.07451008958557204
51.7                      0.05258004919215939
51.8                      0.049934051546195304
51.9                      0.06759211820812536
52                        0.10152791754924895
52.1                      0.14366768128977084
52.2                      0.18370496084979773
52.300000000000004        0.21130096939010967
52.400000000000006        0.2181721417948569
52.49999999999999         0.19961910310821274
52.599999999999994        0.15520721217162803
52.7                      0.08852402407889769
52.800000000000004        0.006155753028814735
52.900000000000006        -0.08381069883734685
53                        -0.173376397945251
53.099999999999994        -0.255944702110502
53.199999999999996        -0.3270946002068237
53.300000000000004        -0.3846922644318098
53.400000000000006        -0.4283771810419333
53.5                      -0.4585972946937213
53.6                      -0.475466090536823
53.699999999999996        -0.4777616001076094
53.8                      -0.4623758739385261
53.900000000000006        -0.42444899590940605
54                        -0.3582845950626341
54.1                      -0.25895582186108534
54.2                      -0.12430188959566477
54.3                      0.04316486953013429
54.4                      0.23501218710620553
54.5                      0.4368199608778185
54.6                      0.6295925669294028
54.7                      0.7925969911519846
54.800000000000004        0.9071592878134649
54.900000000000006        0.9606000285467486
54.99999999999999         0.9493208416025971
55.099999999999994        0.880151473094571
55.2                      0.7694376016349199
55.300000000000004        0.6399128897287618
55.400000000000006        0.5160016268021045
55.5                      0.41866056688150577
55.599999999999994        0.3610409048043571
55.699999999999996        0.3460675226801879
55.800000000000004        0.3665358634051006
55.900000000000006        0.4076594663151746
56                        0.45136036273079894
56.1                      0.4811678459075225
56.199999999999996        0.48649606030108355
56.3                      0.4653184575387009
56.4                      0.42475295660149565
56.5                      0.37965210562664586
56.6                      0.3497828463462288
56.7                      0.356451794117955
56.800000000000004        0.4194379648405646
56.9                      0.55487633034277
56.99999999999999         0.7743942433702934
57.1                      1.0854579886210785
57.2                      1.4926327737391878
57.300000000000004        1.999339771256428
57.400000000000006        2.609699103748909
57.49999999999999         3.3301347424156247
57.599999999999994        4.170536480490036
57.7                      5.144891500631829
57.800000000000004        6.27140288456436
57.900000000000006        7.572209035142689
58                        9.072909026377266
58.099999999999994        10.80217152792162
58.199999999999996        12.79172944227621
58.300000000000004        15.07700549038298
58.400000000000006        17.69846091529979
58.5                      20.703532775850398
58.6                      24.148788652636753
58.699999999999996        28.10176917088164
58.8                      32.64198829256325
58.9                      37.8607537570368
59                        43.85982197159167
59.1                      50.749313262454216
59.2                      58.645648183511994
59.300000000000004        67.67039849350559
59.4                      77.95081230596767
59.49999999999999         89.62239564113484
59.6                      102.83342187251561
59.7                      117.75075614776465
59.800000000000004        134.56607794704325
59.900000000000006        153.50155548479293
59.99999999999999         174.81427179881553
60.099999999999994        198.7991341122338
60.2                      225.790469113215
60.300000000000004        256.1628684621212
60.400000000000006        290.33200173412047
60.5                      328.75603824775624
60.599999999999994        371.9380727817578
60.699999999999996        420.42963841700646
60.8                      474.83512037871316
60.900000000000006        535.8167272903015
61                        604.0996417294422
61.099999999999994        680.4770193774218
61.199999999999996        765.8145699249225
61.3                      861.0544782802067
61.4                      967.2183931825751
61.49999999999999         1085.4091465934557
61.599999999999994        1216.8108234188278
61.699999999999996        1362.6868285147593
61.8                      1524.3757188452864
61.9                      1703.2847618212022
62                        1900.8813870172853
62.10000000000001         2118.682843772969
62.199999999999996        2358.244403915984
62.3                      2621.146340456773
62.4                      2908.979702909977
62.5                      3223.330670193325
62.6                      3565.763078348189
62.7                      3937.7986614418505
62.8                      4340.8946395294715
62.9                      4776.418520463112
63                        5245.62029801097
63.1                      5749.6025550078575
63.2                      6289.289249690273
63.300000000000004        6865.394129815677
63.4                      7478.389763969401
63.5                      8128.478108343468
63.6                      8815.56336230844
63.7                      9539.227638187245
63.800000000000004        10298.709715640169
63.900000000000006        11092.886909360848
64                        11920.259894765819
64.1                      12778.940254084951
64.2                      13666.640558261788
64.3                      14580.666997515436
64.4                      15517.914888060972
64.5                      16474.867747412736
64.60000000000001         17447.600949272637
64.7                      18431.791138084987
64.79999999999998         19422.732523895756
64.9                      20415.360863091242
65                        21404.285399958688
65.10000000000001         22383.828400085815
65.2                      23348.071289182837
65.29999999999998         24290.905959159034
65.4                      25206.08961591444
65.5                      26087.30164991609
65.60000000000001         26928.201362928925
65.7                      27722.485870476914
65.8                      28463.94797687857
65.9                      29146.534154666457
65.99999999999999         29764.402865323784
66.10000000000001         30311.983313436132
66.2                      30784.034380555146
66.3                      31175.703038818298
66.4                      31482.581119302096
66.5                      31700.759015320305
66.60000000000001         31826.874805529944
66.69999999999999         31858.15740075457
66.8                      31792.46261442609
66.9                      31628.301455111912
67                        31364.860352933014
67.10000000000001         31002.013382940255
67.19999999999999         30540.326789540984
67.3                      29981.056234829855
67.39999999999999         29326.137209995562
67.5                      28578.16900169193
67.60000000000001         27740.392536282256
67.7                      26816.66236570069
67.8                      25811.413024322283
67.89999999999999         24729.61997727796
68                        23576.755391760136
68.10000000000001         22358.738992458733
68.2                      21081.884318239587
68.3                      19752.840795110016
68.4                      18378.53219432114
68.5                      16966.09225369135
68.6                      15522.798480113575
68.7                      14056.005371820826
68.8                      12573.0784360445
68.9                      11081.330373232497
69                        9587.960624253283
69.1                      8099.999149070007
69.2                      6624.25488897636
69.3                      5167.268956278873
69.4                      3735.2722950582233
69.5                      2334.1474341889125
69.60000000000001         969.3940250415167
69.7                      -353.9019228856684
69.79999999999998         -1631.0949139302472
69.9                      -2858.002512346312
70                        -4030.9230133047504
70.10000000000001         -5146.647729951017
70.2                      -6202.467561898627
70.29999999999998         -7196.173755970199
70.4                      -8126.053012492112
70.49999999999999         -8990.877275714909
70.60000000000001         -9789.88865974946
70.7                      -10522.780025511016
70.8                      -11189.671782562416
70.9                      -11791.085575788316
70.99999999999999         -12327.915630037995
71.10000000000001         -12801.398624925998
71.2                      -13213.082990340181
71.3                      -13564.798391500537
71.4                      -13858.62589363828
71.5                      -14096.868907383887
71.60000000000001         -14282.024622460302
71.69999999999999         -14416.755371561176
71.8                      -14503.859337561178
71.9                      -14546.24026447365
72                        -14546.876299812715
72.10000000000001         -14508.788642432533
72.19999999999999         -14435.011114123987
72.3                      -14328.561956655016
72.39999999999999         -14192.419001395916
72.5                      -14029.49890153839
72.60000000000001         -13842.64049514494
72.7                      -13634.59177346744
72.8                      -13407.99954174209
72.89999999999999         -13165.400780598065
73                        -12909.21493650403
73.10000000000001         -12641.736778967934
73.2                      -12365.129895171278
73.3                      -12081.421194317658
73.4                      -11792.496876847013
73.5                      -11500.10019508337
73.6                      -11205.831080881173
73.7                      -10911.147467534895
73.8                      -10617.367991484258
73.9                      -10325.675762848141
74                        -10037.123004398894
74.1                      -9752.63648609407
74.2                      -9473.023733589976
74.29999999999998         -9198.979918134257
74.4                      -8931.09516969301
74.5                      -8669.861887393183
74.60000000000001         -8415.681564883726
74.7                      -8168.870780061328
74.79999999999998         -7929.666313590338
74.9                      -7698.229760553768
75                        -7474.652325335793
75.10000000000001         -7258.960585765145
75.2                      -7051.1237964269385
75.29999999999998         -6851.062809249096
75.4                      -6658.660075304286
75.49999999999999         -6473.769674103431
75.60000000000001         -6296.226097166743
75.7                      -6125.850694665209
75.8                      -5962.4552365092495
75.9                      -5805.842767360864
75.99999999999999         -5655.8066030829905
76.10000000000001         -5512.1287009585185
76.19999999999999         -5374.57862136547
76.3                      -5242.913917118528
76.4                      -5116.88220201655
76.5                      -4996.224587041872
76.60000000000001         -4880.679825003409
76.69999999999999         -4769.988459598796
76.80000000000001         -4663.896486598584
76.9                      -4562.158354418614
77                        -4464.539382354002
77.10000000000001         -4370.817737185789
77.19999999999999         -4280.785974143311
77.30000000000001         -4194.251920349215
77.39999999999999         -4111.038521309496
77.5                      -4030.982323106684
77.60000000000001         -3953.9305654525697
77.7                      -3879.7373252420894
77.80000000000001         -3808.259589336004
77.89999999999999         -3739.3543418681115
78                        -3672.877593007509
78.1                      -3608.685761938281
78.2                      -3546.6391154865382
78.30000000000001         -3486.6063060245956
78.4                      -3428.4686910721616
78.5                      -3372.1231878185586
78.6                      -3317.482889876227
78.7                      -3264.475369790928
78.80000000000001         -3213.0392511998034
78.9                      -3163.1200307245826
79                        -3114.6661541631734
79.1                      -3067.6260534792277
79.2                      -3021.946402963804
79.3                      -2977.5714641897184
79.4                      -2934.443208262859
79.5                      -2892.501953163971
79.60000000000001         -2851.6874304817366
79.7                      -2811.9403328415406
79.8                      -2773.2043554585957
79.9                      -2735.428508073478
80                        -2698.5691473403785
80.10000000000001         -2662.5909619942418
80.2                      -2627.4662194564544
80.30000000000001         -2593.1720222001186
80.4                      -2559.6860202508815
80.49999999999999         -2526.9817254700006
80.60000000000001         -2495.024963757921
80.7                      -2463.7728571504763
80.80000000000001         -2433.176021502939
80.9                      -2403.183604756644
80.99999999999999         -2373.749754466661
81.10000000000001         -2344.8394969041533
81.19999999999999         -2316.432099076743
81.30000000000001         -2288.5207761422926
81.4                      -2261.1088313388573
81.5                      -2234.203526689627
81.60000000000001         -2207.8097287247647
81.69999999999999         -2181.925377833363
81.80000000000001         -2156.5401023056907
81.89999999999999         -2131.6371295072413
82                        -2107.1974898905282
82.10000000000001         -2083.204796256572
82.2                      -2059.6488502936363
82.30000000000001         -2036.5269409654502
82.39999999999999         -2013.8426658488866
82.5                      -1991.6030207302779
82.60000000000001         -1969.8150146621663
82.7                      -1948.4830234611168
82.80000000000001         -1927.6075848604523
82.89999999999999         -1907.1856381993555
83                        -1887.2116443021382
83.1                      -1867.6788121644672
83.2                      -1848.5798427956022
83.30000000000001         -1829.9070233401194
83.4                      -1811.6519147386125
83.5                      -1793.8050556915232
83.6                      -1776.355978503153
83.7                      -1759.2934973233503
83.8                      -1742.6059031735049
83.9                      -1726.2806002902976
84                        -1710.3029434163832
84.10000000000001         -1694.654504954046
84.2                      -1679.3114839940608
84.3                      -1664.2441950156103
84.4                      -1649.4183678384215
84.5                      -1634.7983729591676
84.60000000000001         -1620.3516842329898
84.7                      -1606.0532476595383
84.8                      -1591.8882506819848
84.9                      -1577.8522111889552
84.99999999999999         -1563.9482073001807
85.10000000000001         -1550.1821110536775
85.2                      -1536.5574546060484
85.30000000000001         -1523.0717261412424
85.4                      -1509.7153802386733
85.49999999999999         -1496.4738471744677
85.60000000000001         -1483.3317305948844
85.7                      -1470.2776225668285
85.80000000000001         -1457.3078258829587
85.9                      -1444.427782963372
85.99999999999999         -1431.650932207966
86.10000000000001         -1418.9956539781972
86.19999999999999         -1406.4815532220173
86.30000000000001         -1394.1263523878993
86.4                      -1381.94418618948
86.5                      -1369.9453629667614
86.60000000000001         -1358.1370344207803
86.69999999999999         -1346.5239677443778
86.80000000000001         -1335.1088162717874
86.89999999999999         -1323.8917904291966
87                        -1312.8701522490446
87.10000000000001         -1302.0382084541548
87.2                      -1291.388315278989
87.30000000000001         -1280.9129006671951
87.39999999999999         -1270.6069042438444
87.5                      -1260.469642562714
87.60000000000001         -1250.5051497763206
87.7                      -1240.72054820117
87.80000000000001         -1231.1227784570258
87.89999999999999         -1221.714737646827
88                        -1212.4922172029587
88.1                      -1203.4428318267046
88.2                      -1194.5474484204617
88.30000000000001         -1185.7837253833031
88.4                      -1177.1306161946102
88.5                      -1168.5723740760357
88.6                      -1160.100828934963
88.7                      -1151.7153791264923
88.8                      -1143.4209638002708
88.9                      -1135.2249283341346
89                        -1127.1339332876355
89.10000000000001         -1119.1518406818714
89.2                      -1111.2789852883784
89.3                      -1103.5126599033724
89.4                      -1095.8482588552051
89.5                      -1088.2804616576077
89.60000000000001         -1080.804063582032
89.7                      -1073.4144069926751
89.8                      -1066.1076340682514
89.9                      -1058.8810316487886
89.99999999999999         -1051.7335666672375
90.10000000000001         -1044.6664366453597
90.2                      -1037.6832626293437
90.30000000000001         -1030.7895710936916
90.4                      -1023.9914702554481
90.49999999999999         -1017.2938148069204
90.60000000000001         -1010.6984782383638
90.69999999999999         -1004.2034326121602
90.80000000000001         -997.8030960363944
90.9                      -991.4899232191682
90.99999999999999         -985.2566845375783
91.10000000000001         -979.0985421472988
91.19999999999999         -973.0140545141436
91.30000000000001         -967.0046379825851
91.4                      -961.0726342115156
91.5                      -955.2187193140524
91.60000000000001         -949.4396933845505
91.69999999999999         -943.7275722584977
91.80000000000001         -938.0704076355656
91.89999999999999         -932.4545885703002
92                        -926.867803124664
92.10000000000001         -921.3015970433951
92.2                      -915.752648576165
92.30000000000001         -910.2223993638038
92.39999999999999         -904.7153178758774
92.5                      -899.2365624487493
92.6                      -893.7899662148002
92.7                      -888.3770456904713
92.80000000000001         -882.9972562859125
92.89999999999999         -877.6491987318556
93                        -872.3321384228592
93.1                      -867.0471604893221
93.2                      -861.797532387131
93.30000000000001         -856.5882447782733
93.4                      -851.4250587920833
93.5                      -846.3135475337295
93.6                      -841.2585293826567
93.7                      -836.264017621604
93.8                      -831.3335035182813
93.9                      -826.4702033201102
94                        -821.6769224668415
94.10000000000001         -816.9554061741451
94.2                      -812.305344486295
94.3                      -807.7234336514747
94.4                      -803.2029484410291
94.5                      -798.7341219755765
94.60000000000001         -794.305328703289
94.7                      -789.9047547534178
94.8                      -785.5220528729606
94.9                      -781.1494934540053
94.99999999999999         -776.7823258601109
95.10000000000001         -772.4183628375065
95.2                      -768.0570683977355
95.30000000000001         -763.6985628323159
95.4                      -759.3429206263509
95.49999999999999         -754.9899671204996
95.60000000000001         -750.6395668813726
95.69999999999999         -746.2922333170638
95.80000000000001         -741.9498278359994
95.9                      -737.6161519901136
96                        -733.2973161872317
96.10000000000001         -729.0018325670561
96.19999999999999         -724.7403947307159
96.30000000000001         -720.5252879740269
96.4                      -716.3693722493041
96.5                      -712.2846498891863
96.60000000000001         -708.2805861216791
96.69999999999999         -704.3625463662177
96.80000000000001         -700.530853584804
96.89999999999999         -696.7809475028082
97                        -693.1048902888037
97.10000000000001         -689.4940464845222
97.2                      -685.9422998596744
97.30000000000001         -682.4488405949204
97.39999999999999         -679.0195255540416
97.5                      -675.6661482374285
97.6                      -672.4035797451056
97.7                      -669.245458182329
97.80000000000001         -666.1996544186673
97.9                      -663.264911039041
98                        -660.4297524147794
98.1                      -657.6740812132437
98.2                      -654.9730389277317
98.3                      -652.3020039970285
98.4                      -649.641270972347
98.5                      -646.9790999333619
98.6                      -644.3123766183601
98.7                      -641.6448719554115
98.8                      -638.9837742324256
98.9                      -636.3355760423781
99                        -633.702441347506
99.10000000000001         -631.0799049037724
99.2                      -628.456314884228
99.3                      -625.813990598838
99.4                      -623.1317506841021
99.49999999999999         -620.3883044146462
99.60000000000001         -617.5659448903713
99.7                      -614.6539669394965
99.80000000000001         -611.6512164051735
99.9                      -608.567187705311
99.99999999999999         -605.4212013982865
