0                         9.45317113186613E-68
0.09999999999999999       -9.416902493921778E-55
0.19999999999999998       3.470812806112475E-54
0.30000000000000004       2.3696216487235398E-53
0.39999999999999997       -2.0697686586004518E-52
0.5                       3.9988374347496055E-52
0.6000000000000001        1.1345972660385846E-51
0.7000000000000001        -4.8575540116702135E-51
0.7999999999999999        -3.695230341864892E-51
0.8999999999999999        3.257963211863088E-50
1                         1.5760777639514694E-50
1.1                       -1.7423823070941323E-49
1.2000000000000002        -1.276548652438062E-49
1.3                       7.748666623550037E-49
1.4000000000000001        1.0326052068426447E-48
1.5                       -2.6344577728225044E-48
1.5999999999999999        -6.435143806355607E-48
1.7                       4.7859434765738385E-48
1.7999999999999998        2.9660317609515433E-47
1.9                       1.3143833762927509E-47
2                         -9.368736798777158E-47
2.0999999999999996        -1.5617080976799244E-46
2.2                       1.340836290299755E-46
2.3                       6.974452322762781E-46
2.4000000000000004        4.6787584694989644E-46
2.5                       -1.6262343483214833E-45
2.6                       -3.7242915053067614E-45
2.7                       -2.0242657714557047E-46
2.8000000000000003        1.1065720621200329E-44
2.9000000000000004        1.6851489213092547E-44
3                         -7.430136274343131E-45
3.1                       -6.012860493730576E-44
3.1999999999999997        -7.1380389457094E-44
3.3000000000000003        5.772746373273543E-44
3.4                       2.8921400646328827E-43
3.5                       3.045069531560058E-43
3.5999999999999996        -2.8888006552907293E-43
3.7                       -1.2839105166950601E-42
3.8                       -1.3552994170091872E-42
3.9                       1.0901519067911007E-42
4                         5.319593604952099E-42
4.1000000000000005        6.215234257963248E-42
4.199999999999999         -2.8289678070498503E-42
4.3                       -2.0368391275263232E-41
4.4                       -2.8175753838991254E-41
4.5                       9.231320184218251E-43
4.6                       6.998517012484986E-41
4.7                       1.2081208052061797E-40
4.800000000000001         4.665833469128807E-41
4.9                       -2.0277393189917383E-40
5                         -4.714573708696844E-40
5.1000000000000005        -3.738489573587709E-40
5.2                       4.149889833854467E-40
5.3                       1.6076896379990613E-39
5.4                       1.977023766157809E-39
5.5                       -2.515012465755067E-41
5.6000000000000005        -4.480856672305463E-39
5.699999999999999         -8.178365045329346E-39
5.800000000000001         -5.164335355910123E-39
5.9                       8.428827692190993E-39
6                         2.6931693914751503E-38
6.1                       3.184512959482831E-38
6.2                       1.3415033472524806E-39
6.300000000000001         -6.582866227457288E-38
6.3999999999999995        -1.2652586728967846E-37
6.5                       -9.866465277050528E-38
6.6000000000000005        8.064252665169749E-38
6.7                       3.598040443851404E-37
6.8                       5.146971723361814E-37
6.9                       2.3209956061969872E-37
7                         -6.21131041589953E-37
7.1000000000000005        -1.665196786296342E-36
7.199999999999999         -1.919911579301994E-36
7.300000000000001         -2.9450087863708655E-37
7.4                       3.328212222944489E-36
7.499999999999999         7.016383682109887E-36
7.6                       6.871789833249468E-36
7.699999999999999         -7.406041989478555E-37
7.8                       -1.514882216748954E-35
7.9                       -2.8000761207392134E-35
8                         -2.4589487224263653E-35
8.099999999999998         7.214084189927948E-36
8.200000000000001         6.246339793124235E-35
8.3                       1.0834406287386727E-34
8.399999999999999         9.084650999647671E-35
8.5                       -3.2144208903103115E-35
8.6                       -2.397202655248255E-34
8.700000000000001         -4.112809310309206E-34
8.8                       -3.5110003677550527E-34
8.9                       9.577794127752263E-35
9                         8.641883404214966E-34
9.1                       1.5349151442065874E-33
9.2                       1.4057782823621758E-33
9.3                       -1.2165895322928214E-34
9.4                       -2.9160131524114682E-33
9.499999999999998         -5.60082624487734E-33
9.600000000000001         -5.695005964766192E-33
9.700000000000001         -8.37650919165785E-34
9.8                       9.053439592545257E-33
9.9                       1.9764924480056782E-32
10                        2.275484522331887E-32
10.100000000000001        8.781139668219655E-33
10.200000000000001        -2.4839162234460047E-32
10.299999999999999        -6.644259219658179E-32
10.4                      -8.778431849677713E-32
10.5                      -5.37798822205328E-32
10.6                      5.403812838008258E-32
10.700000000000001        2.084978753866037E-31
10.8                      3.214940011009634E-31
10.9                      2.660260850719763E-31
11                        -5.22613365888176E-32
11.1                      -5.922196761816355E-31
11.200000000000001        -1.1008564245284543E-30
11.3                      -1.1457445401645327E-30
11.399999999999999        -3.1616274069689377E-31
11.5                      1.434291750954836E-30
11.600000000000001        3.4638958747782284E-30
11.7                      4.406832418959063E-30
11.8                      2.674686456538035E-30
11.9                      -2.483983042859192E-30
12                        -9.762577809505672E-30
12.100000000000001        -1.5232340836402938E-29
12.2                      -1.3358186594791517E-29
12.3                      7.740570499430513E-33
12.4                      2.3468159230471685E-29
12.499999999999998        4.704245480929929E-29
12.600000000000001        5.333574821863222E-29
12.700000000000001        2.5061901383974708E-29
12.799999999999999        -4.2139163961952146E-29
12.9                      -1.2731093405171688E-28
13                        -1.8160467167625155E-28
13.100000000000001        -1.441945992934594E-28
13.200000000000001        2.218106656945807E-29
13.299999999999999        2.883760027155588E-28
13.4                      5.345531042638788E-28
13.5                      5.742137739461695E-28
13.6                      2.413893559837785E-28
13.700000000000001        -4.793778489772092E-28
13.8                      -1.3441450966442007E-27
13.899999999999999        -1.8518093561837393E-27
14                        -1.4267646991568373E-27
14.1                      2.313269682215706E-28
14.200000000000001        2.768991325980489E-27
14.3                      5.016092963499914E-27
14.399999999999999        5.2843485573300076E-27
14.5                      2.2036580440362832E-27
14.600000000000001        -4.153338853043616E-27
14.7                      -1.1459527130672972E-26
14.8                      -1.538288675961989E-26
14.9                      -1.1362202877316334E-26
14.999999999999998        2.4059403045473545E-27
15.100000000000001        2.2117962274866283E-26
15.2                      3.7722369978028584E-26
15.299999999999999        3.62682510531387E-26
15.399999999999999        9.302045436012973E-27
15.5                      -3.8463468452873864E-26
15.6                      -8.462743710491805E-26
15.7                      -9.460054305662846E-26
15.8                      -3.953377122395005E-26
15.9                      7.838245454356798E-26
16                        2.0706639148673715E-25
16.1                      2.5057981053815445E-25
16.199999999999996        1.1283177311303217E-25
16.3                      -2.2720737218407033E-25
16.400000000000002        -6.427663698901245E-25
16.499999999999996        -8.458829914845003E-25
16.6                      -4.881127123036808E-25
16.7                      6.136666627191749E-25
16.799999999999997        2.1997001474340942E-24
16.900000000000002        3.405686717106476E-24
17                        2.928669992671782E-24
17.1                      -3.4320557877541026E-25
17.2                      -6.331880188382478E-24
17.3                      -1.2837172676747857E-23
17.400000000000002        -1.5400139409642398E-23
17.5                      -8.694406356824176E-24
17.6                      1.0331589377309253E-23
17.7                      3.8396984685191004E-23
17.8                      6.304349823797312E-23
17.900000000000002        6.394512057485869E-23
18                        2.0729597420134144E-23
18.099999999999998        -7.297467964753067E-23
18.2                      -1.9401460199047555E-22
18.3                      -2.820961182611213E-22
18.4                      -2.5129239119286623E-22
18.5                      -2.760676535761107E-23
18.6                      3.9257271117869767E-22
18.699999999999996        8.85963340561795E-22
18.8                      1.1863922171419914E-21
18.900000000000002        9.49980241552725E-22
18.999999999999996        -8.062841152436638E-23
19.1                      -1.8460228987434216E-21
19.200000000000003        -3.773178262829419E-21
19.299999999999997        -4.761800374985721E-21
19.400000000000002        -3.4946428169490076E-21
19.5                      8.918971244371057E-22
19.6                      7.941329009520314E-21
19.700000000000003        1.521705793191732E-20
19.8                      1.8403240376889905E-20
19.900000000000002        1.2634193380415808E-20
20                        -4.9143914643827586E-21
20.1                      -3.1889008539027807E-20
20.200000000000003        -5.861134100571448E-20
20.299999999999997        -6.888928786445546E-20
20.400000000000002        -4.5287493076240676E-20
20.5                      2.1319587592910456E-20
20.599999999999998        1.207625433010157E-19
20.700000000000003        2.1672822017032554E-19
20.8                      2.507930489571806E-19
20.9                      1.6204106485199266E-19
21                        -7.913659636658638E-20
21.1                      -4.336199026186788E-19
21.2                      -7.718588359282638E-19
21.3                      -8.903264608710429E-19
21.400000000000002        -5.806594737251006E-19
21.499999999999996        2.5507654903865307E-19
21.6                      1.4798394559466292E-18
21.700000000000003        2.652427790189546E-18
21.8                      3.0864216813020536E-18
21.900000000000002        2.0820979563049903E-18
22                        -6.934765954589674E-19
22.1                      -4.800090846633048E-18
22.2                      -8.800435219264577E-18
22.3                      -1.0449593767139858E-17
22.400000000000002        -7.437548264907997E-18
22.499999999999996        1.3963541963167562E-18
22.6                      1.4761156046231228E-17
22.700000000000003        2.817637146109279E-17
22.799999999999997        3.45186104678237E-17
22.900000000000002        2.629277125705086E-17
23                        -6.044037017548014E-19
23.099999999999998        -4.2783304580621974E-17
23.200000000000003        -8.689896360064352E-17
23.3                      -1.1103325731977477E-16
23.4                      -9.132525689780193E-17
23.5                      -1.3280634429494444E-17
23.6                      1.1555021975644194E-16
23.7                      2.573321414611008E-16
23.8                      3.467809241755907E-16
23.900000000000002        3.095722578676499E-16
24                        9.524982559264866E-17
24.1                      -2.8438757001218604E-16
24.200000000000003        -7.279510034706649E-16
24.3                      -1.0477584084240699E-15
24.4                      -1.0181061397525544E-15
24.5                      -4.677427633020124E-16
24.6                      6.066650299179634E-16
24.7                      1.9515577466340064E-15
24.8                      3.0484580045022672E-15
24.900000000000002        3.2319740777036022E-15
24.999999999999996        1.939695341431928E-15
25.1                      -9.617086461783545E-16
25.200000000000003        -4.8946538489610616E-15
25.299999999999997        -8.49160539198511E-15
25.400000000000002        -9.857303165807931E-15
25.5                      -7.21412910000701E-15
25.599999999999998        1.9089780951699263E-16
25.700000000000003        1.1222835514514737E-14
25.8                      2.2470771155338452E-14
25.9                      2.874781059297316E-14
26                        2.4668933519270446E-14
26.1                      7.0790158469354264E-15
26.200000000000003        -2.2402904205446067E-14
26.299999999999997        -5.585570308306398E-14
26.400000000000002        -7.973242294848856E-14
26.5                      -7.845710525852173E-14
26.599999999999998        -4.0638883162276656E-14
26.700000000000003        3.3745545479730786E-14
26.8                      1.2804858148429993E-13
26.9                      2.0881040568828325E-13
27                        2.3319416439081095E-13
27.1                      1.6405600567565557E-13
27.2                      -1.0723257805723704E-14
27.3                      -2.614444252011863E-13
27.400000000000002        -5.110059864678021E-13
27.499999999999996        -6.480007816454274E-13
27.6                      -5.608959457112108E-13
27.700000000000003        -1.8736108368221177E-13
27.799999999999997        4.364870548529667E-13
27.900000000000002        1.148693556929696E-12
28                        1.6774156447004152E-12
28.099999999999998        1.7118444710000888E-12
28.2                      1.0206085319496312E-12
28.3                      -4.1370711656460454E-13
28.400000000000002        -2.2954766767612767E-12
28.499999999999996        -4.010124743799373E-12
28.6                      -4.7528971347259234E-12
28.700000000000003        -3.793014273295085E-12
28.799999999999997        -8.161408669289856E-13
28.900000000000002        3.7686861958295205E-12
29                        8.702659544906047E-12
29.099999999999998        1.2058276901154137E-11
29.200000000000003        1.1775774104060695E-11
29.3                      6.4721276477686836E-12
29.4                      -3.707545450321677E-12
29.5                      -1.6535000252224185E-11
29.6                      -2.7788451618113278E-11
29.7                      -3.2202818318531564E-11
29.8                      -2.52240001228639E-11
29.900000000000002        -5.156803599170177E-12
29.999999999999996        2.502316385020496E-11
30.1                      5.70637109686426E-11
30.200000000000003        7.874351459054982E-11
30.299999999999997        7.728758165531578E-11
30.4                      4.430351172057835E-11
30.5                      -1.9181759118605004E-11
30.599999999999998        -9.957096890193105E-11
30.7                      -1.713913867966389E-10
30.799999999999997        -2.029747128558801E-10
30.9                      -1.6668957919041922E-10
31                        -5.133129060901428E-11
31.099999999999998        1.274395169414999E-10
31.2                      3.2341506346742354E-10
31.3                      4.667737164237377E-10
31.4                      4.826956407801406E-10
31.5                      3.1854999148640924E-10
31.6                      -2.78689155785943E-11
31.7                      -4.895906276897417E-10
31.8                      -9.31709147712866E-10
31.900000000000002        -1.1790422055946917E-9
32                        -1.0687170333089628E-9
32.1                      -5.161843362216661E-10
32.2                      4.2580643871824917E-10
32.300000000000004        1.539921581159672E-9
32.39999999999999         2.4695518629345386E-9
32.5                      2.8047789890307136E-9
32.6                      2.217012720901442E-9
32.7                      6.08238842397396E-10
32.800000000000004        -1.7756937997496222E-9
32.9                      -4.321370056070431E-9
32.99999999999999         -6.151520169301911E-9
33.1                      -6.359245478267806E-9
33.2                      -4.329027493762087E-9
33.300000000000004        -5.524848829619323E-11
33.4                      5.6582844296446805E-9
33.5                      1.1227712482853622E-8
33.599999999999994        1.4608874746630342E-8
33.699999999999996        1.3883421708891528E-8
33.800000000000004        7.984249225791854E-9
33.9                      -2.6556930418321698E-9
34                        -1.578590427666527E-8
34.1                      -2.75666045448914E-8
34.2                      -3.342883508979357E-8
34.3                      -2.9455234379882494E-8
34.4                      -1.3953656825502212E-8
34.5                      1.1269793130155244E-8
34.6                      4.047321270225387E-8
34.7                      6.477849135648677E-8
34.800000000000004        7.429763567860191E-8
34.89999999999999         6.124158475784594E-8
35                        2.322719900907998E-8
35.1                      -3.429778166697432E-8
35.2                      -9.760070628724042E-8
35.300000000000004        -1.4690710499086172E-7
35.4                      -1.613528989812323E-7
35.49999999999999         -1.2573786113813637E-7
35.6                      -3.73033990778173E-8
35.7                      8.975081018515285E-8
35.800000000000004        2.2417285313317875E-7
35.9                      3.232607221604151E-7
36                        3.4387288801671505E-7
36.099999999999994        2.5666807900235894E-7
36.199999999999996        5.971869674510817E-8
36.300000000000004        -2.131999688826965E-7
36.4                      -4.938468983538035E-7
36.5                      -6.924572950636085E-7
36.6                      -7.212845162759041E-7
36.7                      -5.238510431815482E-7
36.8                      -1.0184740454806209E-7
36.9                      4.697329314044957E-7
37                        1.047254466648814E-6
37.1                      1.446569972064653E-6
37.2                      1.4916232645782236E-6
37.300000000000004        1.0731318185084368E-6
37.39999999999999         2.010535369568896E-7
37.5                      -9.675867056465909E-7
37.6                      -2.140669078619026E-6
37.7                      -2.9489714785085693E-6
37.800000000000004        -3.0432796809320566E-6
37.9                      -2.2095768087904606E-6
37.99999999999999         -4.703895086797061E-7
38.099999999999994        1.863032460524183E-6
38.2                      4.216091317285711E-6
38.300000000000004        5.864641342586979E-6
38.400000000000006        6.123018085595225E-6
38.5                      4.565591033761471E-6
38.599999999999994        1.2211313184667888E-6
38.699999999999996        -3.3264896220949427E-6
38.800000000000004        -7.984274293074297E-6
38.900000000000006        -1.1362835462094228E-5
39                        -1.2129424837236318E-5
39.1                      -9.4258514376406E-6
39.2                      -3.2390445341133705E-6
39.3                      5.398829073041648E-6
39.400000000000006        1.4479653646806154E-5
39.5                      2.139764508558564E-5
39.6                      2.359194529944406E-5
39.7                      1.9319760987221418E-5
39.800000000000004        8.358095733539599E-6
39.9                      -7.590306005130875E-6
40                        -2.497154611402698E-5
40.1                      -3.9017548866833266E-5
40.2                      -4.487853324563068E-5
40.300000000000004        -3.9023999527405554E-5
40.400000000000006        -2.055870570820493E-5
40.49999999999999         7.948821292022215E-6
40.599999999999994        4.0468902990845786E-5
40.7                      6.851704096664996E-5
40.800000000000004        8.308052188476057E-5
40.900000000000006        7.709837083535935E-5
41                        4.789355450513223E-5
41.1                      -1.151048065711096E-6
41.199999999999996        -6.0306104533001946E-5
41.300000000000004        -1.1495996799190604E-4
41.400000000000006        -1.487660378156715E-4
41.5                      -1.479129470516749E-4
41.6                      -1.0552852395249802E-4
41.7                      -2.4998527175475826E-5
41.8                      7.894705692217619E-5
41.9                      1.8211740775992953E-4
42                        2.557558646798201E-4
42.1                      2.736510320989173E-4
42.2                      2.1989874814575848E-4
42.300000000000004        9.527629113252453E-5
42.4                      -7.980016744115201E-5
42.49999999999999         -2.6718673088475337E-4
42.6                      -4.181582696453757E-4
42.7                      -4.847756385696563E-4
42.800000000000004        -4.331131072839569E-4
42.900000000000006        -2.5505414832443466E-4
42.99999999999999         2.4823732924816513E-5
43.099999999999994        3.500185531121481E-4
43.2                      6.416572487792954E-4
43.300000000000004        8.1576511738069E-4
43.400000000000006        8.049069059204072E-4
43.5                      5.791076006137274E-4
43.6                      1.6030499042166761E-4
43.699999999999996        -3.74623090371556E-4
43.800000000000004        -9.049580912461945E-4
43.900000000000006        -0.001290723416534997
44                        -0.0014064036114949917
44.1                      -0.0011763293191836572
44.2                      -6.026389226554326E-4
44.3                      2.2272344435754422E-4
44.4                      0.0011276175092810481
44.5                      0.0018917432516553476
44.6                      0.002296162765695033
44.7                      0.0021800540710619014
44.800000000000004        0.0014910417431778767
44.9                      3.1512286257531167E-4
44.99999999999999         -0.0011245256903695325
45.1                      -0.002504062489413404
45.2                      -0.0034665164013943013
45.300000000000004        -0.003707467283550141
45.400000000000006        -0.003059570140785961
45.49999999999999         -0.0015542748747090303
45.599999999999994        5.580290838190783E-4
45.7                      0.0028401720126079314
45.800000000000004        0.0047515786315319745
45.900000000000006        0.005768706461471466
46                        0.005517245424681606
46.1                      0.0038845979669145866
46.199999999999996        0.0010821210905811013
46.3                      -0.002364663710691678
46.400000000000006        -0.00570446087519789
46.5                      -0.00811507532943413
46.6                      -0.008894770927027638
46.7                      -0.007647571262329759
46.8                      -0.004416481524273585
46.9                      2.7393248055219613E-4
47                        0.0054864100693840815
47.1                      0.01004729196184263
47.2                      0.012799697585192681
47.300000000000004        0.01288109401323358
47.4                      0.009961257214611979
47.49999999999999         0.0043794162774945964
47.6                      -0.00286277681425061
47.7                      -0.010265727858489159
47.800000000000004        -0.016130871547378058
47.900000000000006        -0.01893692006378648
48                        -0.017712316013862427
48.099999999999994        -0.012316015452163384
48.2                      -0.003552143167789858
48.300000000000004        0.006923714786642225
48.400000000000006        0.016903809909176247
48.5                      0.02408212599894336
48.6                      0.026571536749083028
48.699999999999996        0.023370555795654915
48.8                      0.014668318322991982
48.900000000000006        0.0019047395440389137
49                        -0.012447544790141644
49.1                      -0.02535179649287349
49.2                      -0.03383954188440807
49.3                      -0.03567637954048721
49.4                      -0.02991410164506082
49.5                      -0.01719744338733898
49.6                      2.5999846165457443E-4
49.7                      0.019047722946001936
49.800000000000004        0.0352187461486718
49.900000000000006        0.04511132820470577
49.99999999999999         0.04616150247643813
50.1                      0.03752797091731429
50.2                      0.020382034969548282
50.300000000000004        -0.00221954889060825
50.400000000000006        -0.025874316214607007
50.5                      -0.04569209238406325
50.599999999999994        -0.057303300799644734
50.699999999999996        -0.05780916366346752
50.800000000000004        -0.04646824088522652
50.900000000000006        -0.024961097556459564
51                        0.0028418046355753513
51.1                      0.03158127839669593
51.199999999999996        0.05545140018570545
51.3                      0.06937727529851082
51.400000000000006        0.0700876637526272
51.5                      0.056855504845877224
51.6                      0.031741620424103396
51.7                      -7.244863385635324E-4
51.8                      -0.03437772261288675
51.9                      -0.062607687199487
52                        -0.07967194581668219
52.1                      -0.08186761993949755
52.2                      -0.06832032157649567
52.300000000000004        -0.04122328188480103
52.400000000000006        -0.005468798648199937
52.49999999999999         0.03226333453912401
52.599999999999994        0.06478510808921287
52.7                      0.08579607112948213
52.800000000000004        0.09111899179152168
52.900000000000006        0.07952929847386415
53                        0.05301249581157516
53.099999999999994        0.01639752041151752
53.199999999999996        -0.023561890124811868
53.300000000000004        -0.05947645640143322
53.400000000000006        -0.08472743572410955
53.5                      -0.09471447182150036
53.6                      -0.08770400370577999
53.699999999999996        -0.06511858454141978
53.8                      -0.03121979184281366
53.900000000000006        0.007742511729831938
54                        0.04473830377537334
54.1                      0.07328035680594425
54.2                      0.08860313849658198
54.3                      0.08847474757952133
54.4                      0.07349878584645131
54.5                      0.046869328096562
54.6                      0.013652293541945158
54.7                      -0.020242391568697962
54.800000000000004        -0.049179836947053045
54.900000000000006        -0.06878629550250852
54.99999999999999         -0.07661906377347204
55.099999999999994        -0.07241410580987867
55.2                      -0.05790050771082031
55.300000000000004        -0.036262245313138326
55.400000000000006        -0.011395139471647752
55.5                      0.012863684040272029
55.599999999999994        0.03336963742353442
55.699999999999996        0.048053695495427935
55.800000000000004        0.056013223303443195
55.900000000000006        0.05734538595163372
56                        0.052818136449028746
56.1                      0.04350345773313662
56.199999999999996        0.030490476581965124
56.3                      0.01475592972962706
56.4                      -0.002791305347704827
56.5                      -0.02113841749266059
56.6                      -0.038964134584349254
56.7                      -0.05451371456473779
56.800000000000004        -0.06564743248956882
56.9                      -0.0701062464358844
56.99999999999999         -0.06596913050120816
57.1                      -0.05220745979837709
57.2                      -0.029192782353322285
57.300000000000004        9.990515770340752E-4
57.400000000000006        0.03461515943904104
57.49999999999999         0.06664413522740327
57.599999999999994        0.09159355272334027
57.7                      0.10449977018978253
57.800000000000004        0.10197050067077924
57.900000000000006        0.08302956268192932
58                        0.04955508451039905
58.099999999999994        0.006175944352502622
58.199999999999996        -0.04039763950572095
58.300000000000004        -0.08250876241394614
58.400000000000006        -0.11294362328013645
58.5                      -0.12629869271055608
58.6                      -0.1200396702793037
58.699999999999996        -0.09502311249084434
58.8                      -0.05536168479435556
58.9                      -0.007653754086898588
59                        0.04026429460614182
59.1                      0.08078121870841017
59.2                      0.1078832376736004
59.300000000000004        0.11815442830525019
59.4                      0.11121318997797776
59.49999999999999         0.0895241903052095
59.6                      0.0576670421817041
59.7                      0.02126084700956086
59.800000000000004        -0.014190478956143043
59.900000000000006        -0.04426822642150472
59.99999999999999         -0.0662258482175733
60.099999999999994        -0.079105460401412
60.2                      -0.08342293167036703
60.300000000000004        -0.08056898067360133
60.400000000000006        -0.0721361661009585
60.5                      -0.05938325266650241
60.599999999999994        -0.04299088908759221
60.699999999999996        -0.02316348913742
60.8                      -2.021740552403675E-5
60.900000000000006        0.025875361939760946
61                        0.05304603658593559
61.099999999999994        0.0788814267422858
61.199999999999996        0.0997917330476235
61.3                      0.11175388588106411
61.4                      0.11115405604727012
61.49999999999999         0.09573542181641574
61.599999999999994        0.06541104135434968
61.699999999999996        0.022712992829942283
61.8                      -0.027280196924103616
61.9                      -0.07758115502647572
62                        -0.1204079676031509
62.10000000000001         -0.1485696176580906
62.199999999999996        -0.15684262889778353
62.3                      -0.1430462986860313
62.4                      -0.10857748079183259
62.5                      -0.058274927973085866
62.6                      3.761308034423504E-4
62.7                      0.058547767791660946
62.8                      0.1076212714586404
62.9                      0.14067509234314668
63                        0.153613733350591
63.1                      0.14572439575722063
63.2                      0.11957566363140659
63.300000000000004        0.08031548255413275
63.4                      0.03455059811631302
63.5                      -0.010932293205723888
63.6                      -0.05032891135787989
63.7                      -0.07963813267289745
63.800000000000004        -0.09701419416394996
63.900000000000006        -0.102643075854314
64                        -0.09824540844703947
64.1                      -0.08638098254992752
64.2                      -0.06975047249403776
64.3                      -0.050658323942297336
64.4                      -0.030731245586442312
64.5                      -0.01090299480146541
64.60000000000001         0.008396632415337625
64.7                      0.026953380297372757
64.79999999999998         0.04449030966175021
64.9                      0.06048139419283859
65                        0.07409241617283395
65.10000000000001         0.08423886934373055
65.2                      0.08972066083493553
65.29999999999998         0.08938660082732419
65.4                      0.08229517805045254
65.5                      0.06786113960286456
65.60000000000001         0.045996126956771154
65.7                      0.017255232334615116
65.8                      -0.01701343041345958
65.9                      -0.05454638252191594
65.99999999999999         -0.0921270670185373
66.10000000000001         -0.12570245732048044
66.2                      -0.1507103555338359
66.3                      -0.16263263722141413
66.4                      -0.15772880701317893
66.5                      -0.13383974692542927
66.60000000000001         -0.09110295896899974
66.69999999999999         -0.03240465517829096
66.8                      0.036580498212937726
66.9                      0.10784620669416095
67                        0.17199975011305976
67.10000000000001         0.21958652316866267
67.19999999999999         0.24259684118814806
67.3                      0.2359014329006631
67.39999999999999         0.19834969513647538
67.5                      0.1333012796796507
67.60000000000001         0.048443340101265456
67.7                      -0.045138345718783925
67.8                      -0.13453355668093703
67.89999999999999         -0.2069989339471979
68                        -0.25204016014320413
68.10000000000001         -0.26321250565356025
68.2                      -0.23928910094430628
68.3                      -0.18454126194139642
68.4                      -0.10803292100809882
68.5                      -0.02202497673472294
68.6                      0.06022457532863614
68.7                      0.12683728807390152
68.8                      0.16938563164571802
68.9                      0.1842300944541143
69                        0.17284853054817592
69.1                      0.14110956334354055
69.2                      0.09768342043029725
69.3                      0.051980507978940424
69.4                      0.012108885885449847
69.5                      -0.016680317959971908
69.60000000000001         -0.03272945498201169
69.7                      -0.037780429560004644
69.79999999999998         -0.035974952881073045
69.9                      -0.032366794997990354
70                        -0.031363947997787384
70.10000000000001         -0.03550432782797421
70.2                      -0.04485132488431156
70.29999999999998         -0.05711398598391189
70.4                      -0.06840407710706797
70.49999999999999         -0.0743899252230027
70.60000000000001         -0.07152964529702252
70.7                      -0.058074814059027674
70.8                      -0.0346166943851127
70.9                      -0.004071134363032218
70.99999999999999         0.02886974730111087
71.10000000000001         0.05868096346924159
71.2                      0.08013532485111269
71.3                      0.08938968385376236
71.4                      0.08481287372193524
71.5                      0.06739208584625205
71.60000000000001         0.04062842501937701
71.69999999999999         0.009921077862659425
71.8                      -0.018466291517494914
71.9                      -0.038675771382661095
72                        -0.046516129893828036
72.10000000000001         -0.04044452648338867
72.19999999999999         -0.022030536766573627
72.3                      0.004244794353293642
72.39999999999999         0.031862696805621434
72.5                      0.05366149403621373
72.60000000000001         0.06346084150923172
72.7                      0.057544023756793246
72.8                      0.035636071488235624
72.89999999999999         0.001119276714337734
73                        -0.03959505565811698
73.10000000000001         -0.07841324096048709
73.2                      -0.10731809203868095
73.3                      -0.12012864769558138
73.4                      -0.11384887804720925
73.5                      -0.08929758466415644
73.6                      -0.050890910563528055
73.7                      -0.005653697344948982
73.8                      0.03828797554940932
73.9                      0.07337663961202158
74                        0.09408776224254567
74.1                      0.09789585974268354
74.2                      0.08558369317967861
74.29999999999998         0.060889152070531936
74.4                      0.029618713639040017
74.5                      -0.0015553602852713694
74.60000000000001         -0.02636519846702513
74.7                      -0.04005577668643681
74.79999999999998         -0.04015869328929552
74.9                      -0.02683243119174997
75                        -0.0027467702854246023
75.10000000000001         0.027442288940954157
75.2                      0.05792501436644593
75.29999999999998         0.08273570374579593
75.4                      0.09675184571798628
75.49999999999999         0.09653101856164759
75.60000000000001         0.08084730966309933
75.7                      0.05083992371987121
75.8                      0.009757412190770458
75.9                      -0.03764065758371357
75.99999999999999         -0.0858939093824491
76.10000000000001         -0.12969087974794463
76.19999999999999         -0.16458405513193655
76.3                      -0.18743692175549467
76.4                      -0.1965444083628042
76.5                      -0.19145734123098737
76.60000000000001         -0.1726207659807925
76.69999999999999         -0.14098227224609236
76.80000000000001         -0.09772529126071668
76.9                      -0.04423235963858709
77                        0.017702606988962487
77.10000000000001         0.08549180167844561
77.19999999999999         0.15536007760383902
77.30000000000001         0.2221368640857282
77.39999999999999         0.2794074735913892
77.5                      0.3201163025217655
77.60000000000001         0.3375908124269068
77.7                      0.3268205641411858
77.80000000000001         0.28571765722793885
77.89999999999999         0.21603804543920124
78                        0.12367824933856839
78.1                      0.018178992773816818
78.2                      -0.08855684433140529
78.30000000000001         -0.18413180254599468
78.4                      -0.2577476983270336
78.5                      -0.3020863683945313
78.6                      -0.31456318608542755
78.7                      -0.2976685534381167
78.80000000000001         -0.25831560735549647
78.9                      -0.2063374781306453
79                        -0.1524662054456672
79.1                      -0.10622980189516994
79.2                      -0.07420038838607244
79.3                      -0.058922139137919105
79.4                      -0.0586776795687858
79.5                      -0.06806545585154873
79.60000000000001         -0.0792069147435958
79.7                      -0.08331318738383167
79.8                      -0.07232397666186499
79.9                      -0.04037105578280534
80                        0.015113516277156435
80.10000000000001         0.09275686619173666
80.2                      0.18713344149626782
80.30000000000001         0.2892060510824498
80.4                      0.38730739009928794
80.49999999999999         0.46859601471377854
80.60000000000001         0.5208432677421817
80.7                      0.5343176502027073
80.80000000000001         0.5034593388501613
80.9                      0.4280159590467542
80.99999999999999         0.31336867205522106
81.10000000000001         0.16991891958180677
81.19999999999999         0.011604082924202876
81.30000000000001         -0.14618727120834107
81.4                      -0.28888418792501286
81.5                      -0.40472916076450155
81.60000000000001         -0.4861248704708744
81.69999999999999         -0.5301344240406718
81.80000000000001         -0.538157385299288
81.89999999999999         -0.5149942400249948
82                        -0.46761496312656053
82.10000000000001         -0.4039388620164769
82.2                      -0.33183098155478263
82.30000000000001         -0.2583772822597184
82.39999999999999         -0.18938084600518568
82.5                      -0.12897390797450523
82.60000000000001         -0.07927915438005473
82.7                      -0.04015046804015047
82.80000000000001         -0.009120767233724741
82.89999999999999         0.018278391551052712
83                        0.0477206026168756
83.1                      0.08485608814215416
83.2                      0.13388112974299524
83.30000000000001         0.19627991920178572
83.4                      0.27014295480474143
83.5                      0.35034670341538643
83.6                      0.4296336460597238
83.7                      0.5003372137741644
83.8                      0.5562582624171322
83.9                      0.5941134560378251
84                        0.6140868728209745
84.10000000000001         0.6192991973391737
84.2                      0.6143727930093517
84.3                      0.6035889575520661
84.4                      0.5892891833995942
84.5                      0.5711029894019671
84.60000000000001         0.5463081375846446
84.7                      0.5112378360921451
84.8                      0.46328037449993165
84.9                      0.40280034939633325
84.99999999999999         0.33432448484029115
85.10000000000001         0.26657431234105783
85.2                      0.2113076989240667
85.30000000000001         0.18131759680891088
85.4                      0.1881959141383651
85.49999999999999         0.24051817643092047
85.60000000000001         0.342933823320458
85.7                      0.49632860332691314
85.80000000000001         0.6988794644700727
85.9                      0.9475711462339068
85.99999999999999         1.2396673660556923
86.10000000000001         1.5737384003815973
86.19999999999999         1.9500823182037437
86.30000000000001         2.3706384513529364
86.4                      2.838677808409053
86.5                      3.3586038143283505
86.60000000000001         3.936105949082704
86.69999999999999         4.578732589013723
86.80000000000001         5.2967709822114015
86.89999999999999         6.104217286253877
87                        7.019623847492799
87.10000000000001         8.06670773298111
87.2                      9.274735416896931
87.30000000000001         10.678792203639949
87.39999999999999         12.320051762086353
87.5                      14.24607716556278
87.60000000000001         16.511055072267524
87.7                      19.175763160996866
87.80000000000001         22.307066199810855
87.89999999999999         25.976857075160623
88                        30.260576612087345
88.1                      35.23567945849525
88.2                      40.980560901125784
88.30000000000001         47.57444079117733
88.4                      55.098494025200495
88.5                      63.63817507524128
88.6                      73.28632057510775
88.7                      84.14636374651613
88.8                      96.33496209882034
88.9                      109.98355681521262
89                        125.23878975269508
89.10000000000001         142.26216976045222
89.2                      161.2297439098017
89.3                      182.3326611057032
89.4                      205.77936372749758
89.5                      231.7997544070832
89.60000000000001         260.651189314375
89.7                      292.6257116171246
89.8                      328.0577000425409
89.9                      367.33113373128106
89.99999999999999         410.88593489673394
90.10000000000001         459.22323169873
90.2                      512.9097341650572
90.30000000000001         572.5816051623021
90.4                      638.948174100136
90.49999999999999         712.7956100418435
90.60000000000001         794.9903444900639
90.69999999999999         886.4817453566028
90.80000000000001         988.3034038150333
90.9                      1101.5724517354427
90.99999999999999         1227.486546251999
91.10000000000001         1367.3184441588912
91.19999999999999         1522.4083260320654
91.30000000000001         1694.1541301242971
91.4                      1884.0000948079305
91.5                      2093.423533066506
91.60000000000001         2323.919670234833
91.69999999999999         2576.9842707351363
91.80000000000001         2854.093826762283
91.89999999999999         3156.683281222885
92                        3486.1215420765484
92.10000000000001         3843.685311224812
92.2                      4230.531900918515
92.30000000000001         4647.671695889879
92.39999999999999         5095.940761965973
92.5                      5575.973885463876
92.6                      6088.17816246227
92.7                      6632.70723250699
92.80000000000001         7209.436396178298
92.89999999999999         7817.93912309544
93                        8457.465739742545
93.1                      9126.925260939746
93.2                      9824.871304389693
93.30000000000001         10549.492786701669
93.4                      11298.609707453292
93.5                      12069.673912087077
93.6                      12859.774425077925
93.7                      13665.646861157984
93.8                      14483.686573144805
93.9                      15309.965509089194
94                        16140.253093894828
94.10000000000001         16970.04167235247
94.2                      17794.577045002607
94.3                      18608.89437100389
94.4                      19407.859269995137
94.5                      20186.213460489736
94.60000000000001         20938.62387477877
94.7                      21659.73400105966
94.8                      22344.216257550484
94.9                      22986.82445034652
94.99999999999999         23582.445694198126
95.10000000000001         24126.151453464146
95.2                      24613.247491397768
95.30000000000001         25039.322467986858
95.4                      25400.29474156125
95.49999999999999         25692.456701438834
95.60000000000001         25912.515794560495
95.69999999999999         26057.6313851553
95.80000000000001         26125.44672164175
95.9                      26114.11553560111
96                        26022.323078137055
96.10000000000001         25849.30161715015
96.19999999999999         25594.840512718838
96.30000000000001         25259.290947485988
96.4                      24843.56525981677
96.5                      24349.130689851194
96.60000000000001         23777.997286067173
96.69999999999999         23132.69978761569
96.80000000000001         22416.273501866548
96.89999999999999         21632.22449345936
97                        20784.49471313262
97.10000000000001         19877.422938000564
97.2                      18915.702507998514
97.30000000000001         17904.3368053565
97.39999999999999         16848.593259877638
97.5                      15753.956431880973
97.6                      14626.080500126543
97.7                      13470.741327826972
97.80000000000001         12293.788232773622
97.9                      11101.09564954941
98                        9898.515013302569
98.1                      8691.827366925567
98.2                      7486.697344875364
98.3                      6288.629276749153
98.4                      5102.926161919873
98.5                      3934.652194823152
98.6                      2788.5993877472883
98.7                      1669.2586711756148
98.8                      580.7956765198792
98.9                      -472.96875973870453
99                        -1488.5734798227127
99.10000000000001         -2462.927514948375
99.2                      -3393.316569819873
99.3                      -4277.405911304339
99.4                      -5113.240132343465
99.49999999999999         -5899.240243376135
99.60000000000001         -6634.198450791252
99.7                      -7317.270817175982
99.80000000000001         -7947.967788057282
99.9                      -8526.142366699109
99.99999999999999         -9051.975590023065
